#timestamp,DEV,tps,rtps,wtps,dtps,bread/s,bwrtn/s,bdscd/s
1767916940,sda,17.2,9.8,7.3999999999999995,0,3191.2,80.4,0
1767916940,sda1,0,0,0,0,0,0,0
1767916940,sda2,0,0,0,0,0,0,0
1767916940,sda3,17.2,9.8,7.3999999999999995,0,3191.2,80.4,0
1767916940,dm-0,20.5,13.200000000000001,7.3,0,3191.2,79.60000000000001,0
1767916940,dm-1,0.1,0,0.1,0,0,0.8,0
1767916945,sda,0.2,0,0.2,0,0,12.8,0
1767916945,sda1,0,0,0,0,0,0,0
1767916945,sda2,0,0,0,0,0,0,0
1767916945,sda3,0.2,0,0.2,0,0,12.8,0
1767916945,dm-0,0,0,0,0,0,0,0
1767916945,dm-1,0.4,0,0.4,0,0,12.8,0
1767916950,sda,2.6,0.4,2.1999999999999997,0,20.8,39.6,0
1767916950,sda1,0,0,0,0,0,0,0
1767916950,sda2,0,0,0,0,0,0,0
1767916950,sda3,2.6,0.4,2.1999999999999997,0,20.8,39.6,0
1767916950,dm-0,3.5999999999999996,0.4,3.2,0,20.8,39.6,0
1767916950,dm-1,0,0,0,0,0,0,0
1767916955,sda,0,0,0,0,0,0,0
1767916955,sda1,0,0,0,0,0,0,0
1767916955,sda2,0,0,0,0,0,0,0
1767916955,sda3,0,0,0,0,0,0,0
1767916955,dm-0,0,0,0,0,0,0,0
1767916955,dm-1,0,0,0,0,0,0,0
1767916960,sda,9.6,0,9.6,0,0,217.79999999999998,0
1767916960,sda1,0,0,0,0,0,0,0
1767916960,sda2,0,0,0,0,0,0,0
1767916960,sda3,9.6,0,9.6,0,0,217.79999999999998,0
1767916960,dm-0,11.799999999999999,0,11.799999999999999,0,0,217,0
1767916960,dm-1,0.2,0,0.2,0,0,0.8,0
1767916965,sda,0.2,0,0.2,0,0,329.59999999999997,0
1767916965,sda1,0,0,0,0,0,0,0
1767916965,sda2,0,0,0,0,0,0,0
1767916965,sda3,0.2,0,0.2,0,0,329.59999999999997,0
1767916965,dm-0,0,0,0,0,0,0,0
1767916965,dm-1,0.4,0,0.4,0,0,329.59999999999997,0
1767916970,sda,0.4,0,0.4,0,0,6.4,0
1767916970,sda1,0,0,0,0,0,0,0
1767916970,sda2,0,0,0,0,0,0,0
1767916970,sda3,0.4,0,0.4,0,0,6.4,0
1767916970,dm-0,0.6,0,0.6,0,0,6.4,0
1767916970,dm-1,0,0,0,0,0,0,0
1767916975,sda,0.2,0,0.2,0,0,1.6,0
1767916975,sda1,0,0,0,0,0,0,0
1767916975,sda2,0,0,0,0,0,0,0
1767916975,sda3,0.2,0,0.2,0,0,1.6,0
1767916975,dm-0,0,0,0,0,0,0,0
1767916975,dm-1,0.2,0,0.2,0,0,1.6,0
1767916980,sda,0.2,0,0.2,0,0,6.4,0
1767916980,sda1,0,0,0,0,0,0,0
1767916980,sda2,0,0,0,0,0,0,0
1767916980,sda3,0.2,0,0.2,0,0,6.4,0
1767916980,dm-0,0.4,0,0.4,0,0,6.4,0
1767916980,dm-1,0,0,0,0,0,0,0
1767916985,sda,0.2,0.2,0,0,1.6,0,0
1767916985,sda1,0,0,0,0,0,0,0
1767916985,sda2,0,0,0,0,0,0,0
1767916985,sda3,0.2,0.2,0,0,1.6,0,0
1767916985,dm-0,0.2,0.2,0,0,1.6,0,0
1767916985,dm-1,0,0,0,0,0,0,0
1767916990,sda,2.4,0,2.4,0,0,38.6,0
1767916990,sda1,0,0,0,0,0,0,0
1767916990,sda2,0,0,0,0,0,0,0
1767916990,sda3,2.4,0,2.4,0,0,38.6,0
1767916990,dm-0,2.1999999999999997,0,2.1999999999999997,0,0,31.6,0
1767916990,dm-1,0.4,0,0.4,0,0,7.000000000000001,0
1767916995,sda,0,0,0,0,0,0,0
1767916995,sda1,0,0,0,0,0,0,0
1767916995,sda2,0,0,0,0,0,0,0
1767916995,sda3,0,0,0,0,0,0,0
1767916995,dm-0,0,0,0,0,0,0,0
1767916995,dm-1,0,0,0,0,0,0,0
1767917000,sda,0.2,0,0.2,0,0,6.4,0
1767917000,sda1,0,0,0,0,0,0,0
1767917000,sda2,0,0,0,0,0,0,0
1767917000,sda3,0.2,0,0.2,0,0,6.4,0
1767917000,dm-0,0.4,0,0.4,0,0,6.4,0
1767917000,dm-1,0,0,0,0,0,0,0
1767917005,sda,0.6,0,0.6,0,0,582.4,0
1767917005,sda1,0,0,0,0,0,0,0
1767917005,sda2,0,0,0,0,0,0,0
1767917005,sda3,0.6,0,0.6,0,0,582.4,0
1767917005,dm-0,0,0,0,0,0,0,0
1767917005,dm-1,0.4,0,0.4,0,0,582.4,0
1767917010,sda,1,0,1,0,0,12.8,0
1767917010,sda1,0,0,0,0,0,0,0
1767917010,sda2,0,0,0,0,0,0,0
1767917010,sda3,1,0,1,0,0,12.8,0
1767917010,dm-0,1.4000000000000001,0,1.4000000000000001,0,0,12.8,0
1767917010,dm-1,0,0,0,0,0,0,0
1767917015,sda,0.4,0,0.4,0,0,6.4,0
1767917015,sda1,0,0,0,0,0,0,0
1767917015,sda2,0,0,0,0,0,0,0
1767917015,sda3,0.4,0,0.4,0,0,6.4,0
1767917015,dm-0,0.6,0,0.6,0,0,6.4,0
1767917015,dm-1,0,0,0,0,0,0,0
1767917020,sda,1.4000000000000001,0,1.4000000000000001,0,0,25,0
1767917020,sda1,0,0,0,0,0,0,0
1767917020,sda2,0,0,0,0,0,0,0
1767917020,sda3,1.4000000000000001,0,1.4000000000000001,0,0,25,0
1767917020,dm-0,1.4000000000000001,0,1.4000000000000001,0,0,24.4,0
1767917020,dm-1,0.2,0,0.2,0,0,0.6,0
1767917025,sda,0.2,0,0.2,0,0,4.8,0
1767917025,sda1,0,0,0,0,0,0,0
1767917025,sda2,0,0,0,0,0,0,0
1767917025,sda3,0.2,0,0.2,0,0,4.8,0
1767917025,dm-0,0.4,0,0.4,0,0,4.8,0
1767917025,dm-1,0,0,0,0,0,0,0
1767917030,sda,0.6,0,0.6,0,0,6.4,0
1767917030,sda1,0,0,0,0,0,0,0
1767917030,sda2,0,0,0,0,0,0,0
1767917030,sda3,0.6,0,0.6,0,0,6.4,0
1767917030,dm-0,0.8,0,0.8,0,0,6.4,0
1767917030,dm-1,0,0,0,0,0,0,0
1767917035,sda,0.6,0,0.6,0,0,49.6,0
1767917035,sda1,0,0,0,0,0,0,0
1767917035,sda2,0,0,0,0,0,0,0
1767917035,sda3,0.6,0,0.6,0,0,49.6,0
1767917035,dm-0,0,0,0,0,0,0,0
1767917035,dm-1,1,0,1,0,0,49.6,0
1767917040,sda,0.4,0,0.4,0,0,8,0
1767917040,sda1,0,0,0,0,0,0,0
1767917040,sda2,0,0,0,0,0,0,0
1767917040,sda3,0.4,0,0.4,0,0,8,0
1767917040,dm-0,0.6,0,0.6,0,0,8,0
1767917040,dm-1,0,0,0,0,0,0,0
1767917045,sda,0.6,0,0.6,0,0,300.8,0
1767917045,sda1,0,0,0,0,0,0,0
1767917045,sda2,0,0,0,0,0,0,0
1767917045,sda3,0.6,0,0.6,0,0,300.8,0
1767917045,dm-0,0,0,0,0,0,0,0
1767917045,dm-1,1,0,1,0,0,300.8,0
1767917050,sda,1.7999999999999998,0,1.7999999999999998,0,0,36,0
1767917050,sda1,0,0,0,0,0,0,0
1767917050,sda2,0,0,0,0,0,0,0
1767917050,sda3,1.7999999999999998,0,1.7999999999999998,0,0,36,0
1767917050,dm-0,2,0,2,0,0,35.199999999999996,0
1767917050,dm-1,0.2,0,0.2,0,0,0.8,0
1767917055,sda,0,0,0,0,0,0,0
1767917055,sda1,0,0,0,0,0,0,0
1767917055,sda2,0,0,0,0,0,0,0
1767917055,sda3,0,0,0,0,0,0,0
1767917055,dm-0,0,0,0,0,0,0,0
1767917055,dm-1,0,0,0,0,0,0,0
1767917060,sda,0.4,0,0.4,0,0,6.4,0
1767917060,sda1,0,0,0,0,0,0,0
1767917060,sda2,0,0,0,0,0,0,0
1767917060,sda3,0.4,0,0.4,0,0,6.4,0
1767917060,dm-0,0.6,0,0.6,0,0,6.4,0
1767917060,dm-1,0,0,0,0,0,0,0
1767917065,sda,0.6,0,0.6,0,0,292.8,0
1767917065,sda1,0,0,0,0,0,0,0
1767917065,sda2,0,0,0,0,0,0,0
1767917065,sda3,0.6,0,0.6,0,0,292.8,0
1767917065,dm-0,0,0,0,0,0,0,0
1767917065,dm-1,0.6,0,0.6,0,0,292.8,0
1767917070,sda,0.8,0,0.8,0,0,11.200000000000001,0
1767917070,sda1,0,0,0,0,0,0,0
1767917070,sda2,0,0,0,0,0,0,0
1767917070,sda3,0.8,0,0.8,0,0,11.200000000000001,0
1767917070,dm-0,1.2,0,1.2,0,0,11.200000000000001,0
1767917070,dm-1,0,0,0,0,0,0,0
1767917075,sda,0,0,0,0,0,0,0
1767917075,sda1,0,0,0,0,0,0,0
1767917075,sda2,0,0,0,0,0,0,0
1767917075,sda3,0,0,0,0,0,0,0
1767917075,dm-0,0,0,0,0,0,0,0
1767917075,dm-1,0,0,0,0,0,0,0
1767917080,sda,1,0,1,0,0,22,0
1767917080,sda1,0,0,0,0,0,0,0
1767917080,sda2,0,0,0,0,0,0,0
1767917080,sda3,1,0,1,0,0,22,0
1767917080,dm-0,1,0,1,0,0,21,0
1767917080,dm-1,0.2,0,0.2,0,0,1,0
1767917085,sda,0,0,0,0,0,0,0
1767917085,sda1,0,0,0,0,0,0,0
1767917085,sda2,0,0,0,0,0,0,0
1767917085,sda3,0,0,0,0,0,0,0
1767917085,dm-0,0,0,0,0,0,0,0
1767917085,dm-1,0,0,0,0,0,0,0
1767917090,sda,0.4,0,0.4,0,0,6.4,0
1767917090,sda1,0,0,0,0,0,0,0
1767917090,sda2,0,0,0,0,0,0,0
1767917090,sda3,0.4,0,0.4,0,0,6.4,0
1767917090,dm-0,0.6,0,0.6,0,0,6.4,0
1767917090,dm-1,0,0,0,0,0,0,0
1767917095,sda,0,0,0,0,0,0,0
1767917095,sda1,0,0,0,0,0,0,0
1767917095,sda2,0,0,0,0,0,0,0
1767917095,sda3,0,0,0,0,0,0,0
1767917095,dm-0,0,0,0,0,0,0,0
1767917095,dm-1,0,0,0,0,0,0,0
1767917100,sda,0.2,0,0.2,0,0,6.4,0
1767917100,sda1,0,0,0,0,0,0,0
1767917100,sda2,0,0,0,0,0,0,0
1767917100,sda3,0.2,0,0.2,0,0,6.4,0
1767917100,dm-0,0.4,0,0.4,0,0,6.4,0
1767917100,dm-1,0,0,0,0,0,0,0
1767917105,sda,0.2,0,0.2,0,0,329.59999999999997,0
1767917105,sda1,0,0,0,0,0,0,0
1767917105,sda2,0,0,0,0,0,0,0
1767917105,sda3,0.2,0,0.2,0,0,329.59999999999997,0
1767917105,dm-0,0,0,0,0,0,0,0
1767917105,dm-1,0.4,0,0.4,0,0,329.59999999999997,0
1767917110,sda,3,0,3,0,0,46.400000000000006,0
1767917110,sda1,0,0,0,0,0,0,0
1767917110,sda2,0,0,0,0,0,0,0
1767917110,sda3,3,0,3,0,0,46.400000000000006,0
1767917110,dm-0,2.8000000000000003,0,2.8000000000000003,0,0,36,0
1767917110,dm-1,1,0,1,0,0,10.4,0
1767917115,sda,1.7999999999999998,0,1.7999999999999998,0,0,22.400000000000002,0
1767917115,sda1,0,0,0,0,0,0,0
1767917115,sda2,0,0,0,0,0,0,0
1767917115,sda3,1.7999999999999998,0,1.7999999999999998,0,0,22.400000000000002,0
1767917115,dm-0,2.1999999999999997,0,2.1999999999999997,0,0,22.400000000000002,0
1767917115,dm-1,0,0,0,0,0,0,0
1767917120,sda,0,0,0,0,0,0,0
1767917120,sda1,0,0,0,0,0,0,0
1767917120,sda2,0,0,0,0,0,0,0
1767917120,sda3,0,0,0,0,0,0,0
1767917120,dm-0,0,0,0,0,0,0,0
1767917120,dm-1,0,0,0,0,0,0,0
1767917125,sda,0.6,0,0.6,0,0,7.199999999999999,0
1767917125,sda1,0,0,0,0,0,0,0
1767917125,sda2,0,0,0,0,0,0,0
1767917125,sda3,0.6,0,0.6,0,0,7.199999999999999,0
1767917125,dm-0,0.4,0,0.4,0,0,5.6000000000000005,0
1767917125,dm-1,0.2,0,0.2,0,0,1.6,0
1767917130,sda,0,0,0,0,0,0,0
1767917130,sda1,0,0,0,0,0,0,0
1767917130,sda2,0,0,0,0,0,0,0
1767917130,sda3,0,0,0,0,0,0,0
1767917130,dm-0,0,0,0,0,0,0,0
1767917130,dm-1,0,0,0,0,0,0,0
1767917135,sda,0.2,0,0.2,0,0,0.2,0
1767917135,sda1,0.2,0,0.2,0,0,0.2,0
1767917135,sda2,0,0,0,0,0,0,0
1767917135,sda3,0,0,0,0,0,0,0
1767917135,dm-0,0,0,0,0,0,0,0
1767917135,dm-1,0,0,0,0,0,0,0
1767917140,sda,3,0,3,0,0,56.39999999999999,0
1767917140,sda1,0,0,0,0,0,0,0
1767917140,sda2,0,0,0,0,0,0,0
1767917140,sda3,3,0,3,0,0,56.39999999999999,0
1767917140,dm-0,3.4000000000000004,0,3.4000000000000004,0,0,55.800000000000004,0
1767917140,dm-1,0.2,0,0.2,0,0,0.6,0
1767917145,sda,0.2,0,0.2,0,0,329.59999999999997,0
1767917145,sda1,0,0,0,0,0,0,0
1767917145,sda2,0,0,0,0,0,0,0
1767917145,sda3,0.2,0,0.2,0,0,329.59999999999997,0
1767917145,dm-0,0,0,0,0,0,0,0
1767917145,dm-1,0.4,0,0.4,0,0,329.59999999999997,0
1767917150,sda,0.2,0,0.2,0,0,14.399999999999999,0
1767917150,sda1,0,0,0,0,0,0,0
1767917150,sda2,0,0,0,0,0,0,0
1767917150,sda3,0.2,0,0.2,0,0,14.399999999999999,0
1767917150,dm-0,0.4,0,0.4,0,0,14.399999999999999,0
1767917150,dm-1,0,0,0,0,0,0,0
1767917155,sda,0,0,0,0,0,0,0
1767917155,sda1,0,0,0,0,0,0,0
1767917155,sda2,0,0,0,0,0,0,0
1767917155,sda3,0,0,0,0,0,0,0
1767917155,dm-0,0,0,0,0,0,0,0
1767917155,dm-1,0,0,0,0,0,0,0
1767917160,sda,0.6,0,0.6,0,0,9.6,0
1767917160,sda1,0,0,0,0,0,0,0
1767917160,sda2,0,0,0,0,0,0,0
1767917160,sda3,0.6,0,0.6,0,0,9.6,0
1767917160,dm-0,1,0,1,0,0,9.6,0
1767917160,dm-1,0,0,0,0,0,0,0
1767917165,sda,1,0,1,0,0,12.6,0
1767917165,sda1,0,0,0,0,0,0,0
1767917165,sda2,0,0,0,0,0,0,0
1767917165,sda3,1,0,1,0,0,12.6,0
1767917165,dm-0,1.2,0,1.2,0,0,12.6,0
1767917165,dm-1,0,0,0,0,0,0,0
1767917170,sda,2,0,2,0,0,39.6,0
1767917170,sda1,0,0,0,0,0,0,0
1767917170,sda2,0,0,0,0,0,0,0
1767917170,sda3,2,0,2,0,0,39.6,0
1767917170,dm-0,2,0,2,0,0,39,0
1767917170,dm-1,0.2,0,0.2,0,0,0.6,0
1767917175,sda,1.6,0,1.6,0,0,28.799999999999997,0
1767917175,sda1,0,0,0,0,0,0,0
1767917175,sda2,0,0,0,0,0,0,0
1767917175,sda3,1.6,0,1.6,0,0,28.799999999999997,0
1767917175,dm-0,2.1999999999999997,0,2.1999999999999997,0,0,27.200000000000003,0
1767917175,dm-1,0.2,0,0.2,0,0,1.6,0
1767917180,sda,0,0,0,0,0,0,0
1767917180,sda1,0,0,0,0,0,0,0
1767917180,sda2,0,0,0,0,0,0,0
1767917180,sda3,0,0,0,0,0,0,0
1767917180,dm-0,0,0,0,0,0,0,0
1767917180,dm-1,0,0,0,0,0,0,0
1767917185,sda,0.6,0,0.6,0,0,580.8,0
1767917185,sda1,0,0,0,0,0,0,0
1767917185,sda2,0,0,0,0,0,0,0
1767917185,sda3,0.6,0,0.6,0,0,580.8,0
1767917185,dm-0,0,0,0,0,0,0,0
1767917185,dm-1,0.6,0,0.6,0,0,580.8,0
1767917190,sda,0,0,0,0,0,0,0
1767917190,sda1,0,0,0,0,0,0,0
1767917190,sda2,0,0,0,0,0,0,0
1767917190,sda3,0,0,0,0,0,0,0
1767917190,dm-0,0,0,0,0,0,0,0
1767917190,dm-1,0,0,0,0,0,0,0
1767917195,sda,0.8,0,0.8,0,0,16,0
1767917195,sda1,0,0,0,0,0,0,0
1767917195,sda2,0,0,0,0,0,0,0
1767917195,sda3,0.8,0,0.8,0,0,16,0
1767917195,dm-0,1.2,0,1.2,0,0,16,0
1767917195,dm-1,0,0,0,0,0,0,0
1767917200,sda,1.6,0,1.6,0,0,20.8,0
1767917200,sda1,0,0,0,0,0,0,0
1767917200,sda2,0,0,0,0,0,0,0
1767917200,sda3,1.6,0,1.6,0,0,20.8,0
1767917200,dm-0,1.4000000000000001,0,1.4000000000000001,0,0,20.200000000000003,0
1767917200,dm-1,0.2,0,0.2,0,0,0.6,0
1767917205,sda,17.2,4.6,12.6,0,406.4,171.2,0
1767917205,sda1,0,0,0,0,0,0,0
1767917205,sda2,0,0,0,0,0,0,0
1767917205,sda3,17.2,4.6,12.6,0,406.4,171.2,0
1767917205,dm-0,17.4,4.6,12.8,0,406.4,171.2,0
1767917205,dm-1,0,0,0,0,0,0,0
1767917210,sda,0,0,0,0,0,0,0
1767917210,sda1,0,0,0,0,0,0,0
1767917210,sda2,0,0,0,0,0,0,0
1767917210,sda3,0,0,0,0,0,0,0
1767917210,dm-0,0,0,0,0,0,0,0
1767917210,dm-1,0,0,0,0,0,0,0
1767917215,sda,0,0,0,0,0,0,0
1767917215,sda1,0,0,0,0,0,0,0
1767917215,sda2,0,0,0,0,0,0,0
1767917215,sda3,0,0,0,0,0,0,0
1767917215,dm-0,0,0,0,0,0,0,0
1767917215,dm-1,0,0,0,0,0,0,0
1767917220,sda,0.4,0,0.4,0,0,9.6,0
1767917220,sda1,0,0,0,0,0,0,0
1767917220,sda2,0,0,0,0,0,0,0
1767917220,sda3,0.4,0,0.4,0,0,9.6,0
1767917220,dm-0,0,0,0,0,0,0,0
1767917220,dm-1,0.6,0,0.6,0,0,9.6,0
1767917225,sda,1.4000000000000001,1.4000000000000001,0,0,120,0,0
1767917225,sda1,0,0,0,0,0,0,0
1767917225,sda2,0,0,0,0,0,0,0
1767917225,sda3,1.4000000000000001,1.4000000000000001,0,0,120,0,0
1767917225,dm-0,1.4000000000000001,1.4000000000000001,0,0,120,0,0
1767917225,dm-1,0,0,0,0,0,0,0
1767917230,sda,1.6,0,1.6,0,0,357.6,0
1767917230,sda1,0,0,0,0,0,0,0
1767917230,sda2,0,0,0,0,0,0,0
1767917230,sda3,1.6,0,1.6,0,0,357.6,0
1767917230,dm-0,1.4000000000000001,0,1.4000000000000001,0,0,27,0
1767917230,dm-1,0.6,0,0.6,0,0,330.6,0
1767917235,sda,0.6,0,0.6,0,0,4.8,0
1767917235,sda1,0,0,0,0,0,0,0
1767917235,sda2,0,0,0,0,0,0,0
1767917235,sda3,0.6,0,0.6,0,0,4.8,0
1767917235,dm-0,0.6,0,0.6,0,0,4.8,0
1767917235,dm-1,0,0,0,0,0,0,0
1767917240,sda,0.4,0,0.4,0,0,17.599999999999998,0
1767917240,sda1,0,0,0,0,0,0,0
1767917240,sda2,0,0,0,0,0,0,0
1767917240,sda3,0.4,0,0.4,0,0,17.599999999999998,0
1767917240,dm-0,0.6,0,0.6,0,0,17.599999999999998,0
1767917240,dm-1,0,0,0,0,0,0,0
1767917245,sda,0,0,0,0,0,0,0
1767917245,sda1,0,0,0,0,0,0,0
1767917245,sda2,0,0,0,0,0,0,0
1767917245,sda3,0,0,0,0,0,0,0
1767917245,dm-0,0,0,0,0,0,0,0
1767917245,dm-1,0,0,0,0,0,0,0
1767917250,sda,0,0,0,0,0,0,0
1767917250,sda1,0,0,0,0,0,0,0
1767917250,sda2,0,0,0,0,0,0,0
1767917250,sda3,0,0,0,0,0,0,0
1767917250,dm-0,0,0,0,0,0,0,0
1767917250,dm-1,0,0,0,0,0,0,0
1767917255,sda,0.4,0,0.4,0,0,17.599999999999998,0
1767917255,sda1,0,0,0,0,0,0,0
1767917255,sda2,0,0,0,0,0,0,0
1767917255,sda3,0.4,0,0.4,0,0,17.599999999999998,0
1767917255,dm-0,0.4,0,0.4,0,0,17.599999999999998,0
1767917255,dm-1,0,0,0,0,0,0,0
1767917260,sda,4.2,0,4.2,0,0,91.8,0
1767917260,sda1,0,0,0,0,0,0,0
1767917260,sda2,0,0,0,0,0,0,0
1767917260,sda3,4.2,0,4.2,0,0,91.8,0
1767917260,dm-0,4,0,4,0,0,87.6,0
1767917260,dm-1,0.8,0,0.8,0,0,4.2,0
1767917265,sda,0.2,0,0.2,0,0,331.2,0
1767917265,sda1,0,0,0,0,0,0,0
1767917265,sda2,0,0,0,0,0,0,0
1767917265,sda3,0.2,0,0.2,0,0,331.2,0
1767917265,dm-0,0,0,0,0,0,0,0
1767917265,dm-1,0.4,0,0.4,0,0,331.2,0
1767917270,sda,0,0,0,0,0,0,0
1767917270,sda1,0,0,0,0,0,0,0
1767917270,sda2,0,0,0,0,0,0,0
1767917270,sda3,0,0,0,0,0,0,0
1767917270,dm-0,0,0,0,0,0,0,0
1767917270,dm-1,0,0,0,0,0,0,0
1767917275,sda,0.6,0,0.6,0,0,24,0
1767917275,sda1,0,0,0,0,0,0,0
1767917275,sda2,0,0,0,0,0,0,0
1767917275,sda3,0.6,0,0.6,0,0,24,0
1767917275,dm-0,0.4,0,0.4,0,0,14.399999999999999,0
1767917275,dm-1,0.6,0,0.6,0,0,9.6,0
1767917280,sda,0.8,0,0.8,0,0,8,0
1767917280,sda1,0,0,0,0,0,0,0
1767917280,sda2,0,0,0,0,0,0,0
1767917280,sda3,0.8,0,0.8,0,0,8,0
1767917280,dm-0,1,0,1,0,0,8,0
1767917280,dm-1,0,0,0,0,0,0,0
1767917285,sda,2.6,1,1.6,0,19.2,19,0
1767917285,sda1,0,0,0,0,0,0,0
1767917285,sda2,0,0,0,0,0,0,0
1767917285,sda3,2.6,1,1.6,0,19.2,19,0
1767917285,dm-0,2.4,0.8,1.6,0,17.599999999999998,19,0
1767917285,dm-1,0.2,0.2,0,0,1.6,0,0
1767917290,sda,8.200000000000001,0,8.200000000000001,0,0,171.4,0
1767917290,sda1,0,0,0,0,0,0,0
1767917290,sda2,0,0,0,0,0,0,0
1767917290,sda3,8.200000000000001,0,8.200000000000001,0,0,171.4,0
1767917290,dm-0,9.4,0,9.4,0,0,169.6,0
1767917290,dm-1,0.2,0,0.2,0,0,1.7999999999999998,0
1767917295,sda,0,0,0,0,0,0,0
1767917295,sda1,0,0,0,0,0,0,0
1767917295,sda2,0,0,0,0,0,0,0
1767917295,sda3,0,0,0,0,0,0,0
1767917295,dm-0,0,0,0,0,0,0,0
1767917295,dm-1,0,0,0,0,0,0,0
1767917300,sda,0.2,0,0.2,0,0,1.6,0
1767917300,sda1,0,0,0,0,0,0,0
1767917300,sda2,0,0,0,0,0,0,0
1767917300,sda3,0.2,0,0.2,0,0,1.6,0
1767917300,dm-0,0.2,0,0.2,0,0,1.6,0
1767917300,dm-1,0,0,0,0,0,0,0
1767917305,sda,0.6,0,0.6,0,0,582.4,0
1767917305,sda1,0,0,0,0,0,0,0
1767917305,sda2,0,0,0,0,0,0,0
1767917305,sda3,0.6,0,0.6,0,0,582.4,0
1767917305,dm-0,0,0,0,0,0,0,0
1767917305,dm-1,0.6,0,0.6,0,0,582.4,0
1767917310,sda,0.4,0,0.4,0,0,17.599999999999998,0
1767917310,sda1,0,0,0,0,0,0,0
1767917310,sda2,0,0,0,0,0,0,0
1767917310,sda3,0.4,0,0.4,0,0,17.599999999999998,0
1767917310,dm-0,0.6,0,0.6,0,0,17.599999999999998,0
1767917310,dm-1,0,0,0,0,0,0,0
1767917315,sda,0.6,0,0.6,0,0,12.8,0
1767917315,sda1,0,0,0,0,0,0,0
1767917315,sda2,0,0,0,0,0,0,0
1767917315,sda3,0.6,0,0.6,0,0,12.8,0
1767917315,dm-0,0.8,0,0.8,0,0,9.6,0
1767917315,dm-1,0.4,0,0.4,0,0,3.2,0
1767917320,sda,2.1999999999999997,0,2.1999999999999997,0,0,31.4,0
1767917320,sda1,0,0,0,0,0,0,0
1767917320,sda2,0,0,0,0,0,0,0
1767917320,sda3,2.1999999999999997,0,2.1999999999999997,0,0,31.4,0
1767917320,dm-0,0.6,0,0.6,0,0,4.3999999999999995,0
1767917320,dm-1,2,0,2,0,0,27,0
1767917325,sda,0,0,0,0,0,0,0
1767917325,sda1,0,0,0,0,0,0,0
1767917325,sda2,0,0,0,0,0,0,0
1767917325,sda3,0,0,0,0,0,0,0
1767917325,dm-0,0,0,0,0,0,0,0
1767917325,dm-1,0,0,0,0,0,0,0
1767917330,sda,0,0,0,0,0,0,0
1767917330,sda1,0,0,0,0,0,0,0
1767917330,sda2,0,0,0,0,0,0,0
1767917330,sda3,0,0,0,0,0,0,0
1767917330,dm-0,0,0,0,0,0,0,0
1767917330,dm-1,0,0,0,0,0,0,0
1767917335,sda,0.2,0,0.2,0,0,1.6,0
1767917335,sda1,0,0,0,0,0,0,0
1767917335,sda2,0,0,0,0,0,0,0
1767917335,sda3,0.2,0,0.2,0,0,1.6,0
1767917335,dm-0,0,0,0,0,0,0,0
1767917335,dm-1,0.2,0,0.2,0,0,1.6,0
1767917340,sda,0,0,0,0,0,0,0
1767917340,sda1,0,0,0,0,0,0,0
1767917340,sda2,0,0,0,0,0,0,0
1767917340,sda3,0,0,0,0,0,0,0
1767917340,dm-0,0,0,0,0,0,0,0
1767917340,dm-1,0,0,0,0,0,0,0
1767917345,sda,0.6,0,0.6,0,0,347.2,0
1767917345,sda1,0,0,0,0,0,0,0
1767917345,sda2,0,0,0,0,0,0,0
1767917345,sda3,0.6,0,0.6,0,0,347.2,0
1767917345,dm-0,0.6,0,0.6,0,0,17.599999999999998,0
1767917345,dm-1,0.4,0,0.4,0,0,329.59999999999997,0
1767917350,sda,1.6,0,1.6,0,0,31.6,0
1767917350,sda1,0,0,0,0,0,0,0
1767917350,sda2,0,0,0,0,0,0,0
1767917350,sda3,1.6,0,1.6,0,0,31.6,0
1767917350,dm-0,0.8,0,0.8,0,0,21.2,0
1767917350,dm-1,1,0,1,0,0,10.4,0
1767917355,sda,0.8,0,0.8,0,0,7.6,0
1767917355,sda1,0,0,0,0,0,0,0
1767917355,sda2,0,0,0,0,0,0,0
1767917355,sda3,0.8,0,0.8,0,0,7.6,0
1767917355,dm-0,0.8,0,0.8,0,0,7.6,0
1767917355,dm-1,0,0,0,0,0,0,0
1767917360,sda,0,0,0,0,0,0,0
1767917360,sda1,0,0,0,0,0,0,0
1767917360,sda2,0,0,0,0,0,0,0
1767917360,sda3,0,0,0,0,0,0,0
1767917360,dm-0,0,0,0,0,0,0,0
1767917360,dm-1,0,0,0,0,0,0,0
1767917365,sda,0,0,0,0,0,0,0
1767917365,sda1,0,0,0,0,0,0,0
1767917365,sda2,0,0,0,0,0,0,0
1767917365,sda3,0,0,0,0,0,0,0
1767917365,dm-0,0,0,0,0,0,0,0
1767917365,dm-1,0,0,0,0,0,0,0
1767917370,sda,0,0,0,0,0,0,0
1767917370,sda1,0,0,0,0,0,0,0
1767917370,sda2,0,0,0,0,0,0,0
1767917370,sda3,0,0,0,0,0,0,0
1767917370,dm-0,0,0,0,0,0,0,0
1767917370,dm-1,0,0,0,0,0,0,0
1767917375,sda,0,0,0,0,0,0,0
1767917375,sda1,0,0,0,0,0,0,0
1767917375,sda2,0,0,0,0,0,0,0
1767917375,sda3,0,0,0,0,0,0,0
1767917375,dm-0,0,0,0,0,0,0,0
1767917375,dm-1,0,0,0,0,0,0,0
1767917380,sda,2.4,0,2.4,0,0,47.8,0
1767917380,sda1,0,0,0,0,0,0,0
1767917380,sda2,0,0,0,0,0,0,0
1767917380,sda3,2.4,0,2.4,0,0,47.8,0
1767917380,dm-0,3,0,3,0,0,47.8,0
1767917380,dm-1,0,0,0,0,0,0,0
1767917385,sda,1.6,0,1.6,0,0,347.8,0
1767917385,sda1,0,0,0,0,0,0,0
1767917385,sda2,0,0,0,0,0,0,0
1767917385,sda3,1.6,0,1.6,0,0,347.8,0
1767917385,dm-0,1.4000000000000001,0,1.4000000000000001,0,0,14.399999999999999,0
1767917385,dm-1,0.6,0,0.6,0,0,333.40000000000003,0
1767917390,sda,0,0,0,0,0,0,0
1767917390,sda1,0,0,0,0,0,0,0
1767917390,sda2,0,0,0,0,0,0,0
1767917390,sda3,0,0,0,0,0,0,0
1767917390,dm-0,0,0,0,0,0,0,0
1767917390,dm-1,0,0,0,0,0,0,0
1767917395,sda,0.6,0,0.6,0,0,16,0
1767917395,sda1,0,0,0,0,0,0,0
1767917395,sda2,0,0,0,0,0,0,0
1767917395,sda3,0.6,0,0.6,0,0,16,0
1767917395,dm-0,0.2,0,0.2,0,0,1.6,0
1767917395,dm-1,0.6,0,0.6,0,0,14.399999999999999,0
1767917400,sda,0.4,0,0.4,0,0,3.2,0
1767917400,sda1,0,0,0,0,0,0,0
1767917400,sda2,0,0,0,0,0,0,0
1767917400,sda3,0.4,0,0.4,0,0,3.2,0
1767917400,dm-0,0.4,0,0.4,0,0,3.2,0
1767917400,dm-1,0,0,0,0,0,0,0
1767917405,sda,15.8,14.000000000000002,1.7999999999999998,0,718.4,14.399999999999999,0
1767917405,sda1,0,0,0,0,0,0,0
1767917405,sda2,0,0,0,0,0,0,0
1767917405,sda3,15.8,14.000000000000002,1.7999999999999998,0,718.4,14.399999999999999,0
1767917405,dm-0,15.2,13.600000000000001,1.6,0,478.4,12.8,0
1767917405,dm-1,1.6,1.4000000000000001,0.2,0,240,1.6,0
1767917410,sda,9.6,1,8.6,0,440.00000000000006,196,0
1767917410,sda1,0,0,0,0,0,0,0
1767917410,sda2,0,0,0,0,0,0,0
1767917410,sda3,9.6,1,8.6,0,440.00000000000006,196,0
1767917410,dm-0,10.8,1,9.8,0,440.00000000000006,196,0
1767917410,dm-1,0,0,0,0,0,0,0
1767917415,sda,0.4,0,0.4,0,0,17.599999999999998,0
1767917415,sda1,0,0,0,0,0,0,0
1767917415,sda2,0,0,0,0,0,0,0
1767917415,sda3,0.4,0,0.4,0,0,17.599999999999998,0
1767917415,dm-0,0.4,0,0.4,0,0,14.399999999999999,0
1767917415,dm-1,0.2,0,0.2,0,0,3.2,0
1767917420,sda,0.2,0,0.2,0,0,1.6,0
1767917420,sda1,0,0,0,0,0,0,0
1767917420,sda2,0,0,0,0,0,0,0
1767917420,sda3,0.2,0,0.2,0,0,1.6,0
1767917420,dm-0,0.2,0,0.2,0,0,1.6,0
1767917420,dm-1,0,0,0,0,0,0,0
1767917425,sda,0.2,0,0.2,0,0,272,0
1767917425,sda1,0,0,0,0,0,0,0
1767917425,sda2,0,0,0,0,0,0,0
1767917425,sda3,0.2,0,0.2,0,0,272,0
1767917425,dm-0,0,0,0,0,0,0,0
1767917425,dm-1,0.4,0,0.4,0,0,272,0
1767917430,sda,0,0,0,0,0,0,0
1767917430,sda1,0,0,0,0,0,0,0
1767917430,sda2,0,0,0,0,0,0,0
1767917430,sda3,0,0,0,0,0,0,0
1767917430,dm-0,0,0,0,0,0,0,0
1767917430,dm-1,0,0,0,0,0,0,0
1767917435,sda,4.6,2.4,2.1999999999999997,0,46.400000000000006,734.4,0
1767917435,sda1,0,0,0,0,0,0,0
1767917435,sda2,0,0,0,0,0,0,0
1767917435,sda3,4.6,2.4,2.1999999999999997,0,46.400000000000006,734.4,0
1767917435,dm-0,6.4,5.2,1.2,0,46.400000000000006,12.8,0
1767917435,dm-1,1.6,0,1.6,0,0,721.6,0
1767917440,sda,0.8,0,0.8,0,0,12.2,0
1767917440,sda1,0,0,0,0,0,0,0
1767917440,sda2,0,0,0,0,0,0,0
1767917440,sda3,0.8,0,0.8,0,0,12.2,0
1767917440,dm-0,0.8,0,0.8,0,0,12.2,0
1767917440,dm-1,0,0,0,0,0,0,0
1767917445,sda,1.7999999999999998,0,1.7999999999999998,0,0,24.4,0
1767917445,sda1,0,0,0,0,0,0,0
1767917445,sda2,0,0,0,0,0,0,0
1767917445,sda3,1.7999999999999998,0,1.7999999999999998,0,0,24.4,0
1767917445,dm-0,0.2,0,0.2,0,0,1.6,0
1767917445,dm-1,2,0,2,0,0,22.8,0
1767917450,sda,0.2,0,0.2,0,0,16,0
1767917450,sda1,0,0,0,0,0,0,0
1767917450,sda2,0,0,0,0,0,0,0
1767917450,sda3,0.2,0,0.2,0,0,16,0
1767917450,dm-0,0.4,0,0.4,0,0,16,0
1767917450,dm-1,0,0,0,0,0,0,0
1767917455,sda,0,0,0,0,0,0,0
1767917455,sda1,0,0,0,0,0,0,0
1767917455,sda2,0,0,0,0,0,0,0
1767917455,sda3,0,0,0,0,0,0,0
1767917455,dm-0,0,0,0,0,0,0,0
1767917455,dm-1,0,0,0,0,0,0,0
1767917460,sda,0.2,0,0.2,0,0,1.6,0
1767917460,sda1,0,0,0,0,0,0,0
1767917460,sda2,0,0,0,0,0,0,0
1767917460,sda3,0.2,0,0.2,0,0,1.6,0
1767917460,dm-0,0.2,0,0.2,0,0,1.6,0
1767917460,dm-1,0,0,0,0,0,0,0
1767917465,sda,0.2,0,0.2,0,0,1.6,0
1767917465,sda1,0,0,0,0,0,0,0
1767917465,sda2,0,0,0,0,0,0,0
1767917465,sda3,0.2,0,0.2,0,0,1.6,0
1767917465,dm-0,0.2,0,0.2,0,0,1.6,0
1767917465,dm-1,0,0,0,0,0,0,0
1767917470,sda,2.4,0,2.4,0,0,46.800000000000004,0
1767917470,sda1,0,0,0,0,0,0,0
1767917470,sda2,0,0,0,0,0,0,0
1767917470,sda3,2.4,0,2.4,0,0,46.800000000000004,0
1767917470,dm-0,2.6,0,2.6,0,0,46.800000000000004,0
1767917470,dm-1,0,0,0,0,0,0,0
1767917475,sda,1.7999999999999998,0,1.7999999999999998,0,0,349.8,0
1767917475,sda1,0,0,0,0,0,0,0
1767917475,sda2,0,0,0,0,0,0,0
1767917475,sda3,1.7999999999999998,0,1.7999999999999998,0,0,349.8,0
1767917475,dm-0,0,0,0,0,0,0,0
1767917475,dm-1,2.4,0,2.4,0,0,349.8,0
1767917480,sda,0.2,0,0.2,0,0,1.6,0
1767917480,sda1,0,0,0,0,0,0,0
1767917480,sda2,0,0,0,0,0,0,0
1767917480,sda3,0.2,0,0.2,0,0,1.6,0
1767917480,dm-0,0.2,0,0.2,0,0,1.6,0
1767917480,dm-1,0,0,0,0,0,0,0
1767917485,sda,0.2,0,0.2,0,0,16,0
1767917485,sda1,0,0,0,0,0,0,0
1767917485,sda2,0,0,0,0,0,0,0
1767917485,sda3,0.2,0,0.2,0,0,16,0
1767917485,dm-0,0.4,0,0.4,0,0,16,0
1767917485,dm-1,0,0,0,0,0,0,0
1767917490,sda,0,0,0,0,0,0,0
1767917490,sda1,0,0,0,0,0,0,0
1767917490,sda2,0,0,0,0,0,0,0
1767917490,sda3,0,0,0,0,0,0,0
1767917490,dm-0,0,0,0,0,0,0,0
1767917490,dm-1,0,0,0,0,0,0,0
1767917495,sda,0.2,0,0.2,0,0,1.6,0
1767917495,sda1,0,0,0,0,0,0,0
1767917495,sda2,0,0,0,0,0,0,0
1767917495,sda3,0.2,0,0.2,0,0,1.6,0
1767917495,dm-0,0,0,0,0,0,0,0
1767917495,dm-1,0.2,0,0.2,0,0,1.6,0
1767917500,sda,0.8,0,0.8,0,0,10.8,0
1767917500,sda1,0,0,0,0,0,0,0
1767917500,sda2,0,0,0,0,0,0,0
1767917500,sda3,0.8,0,0.8,0,0,10.8,0
1767917500,dm-0,1,0,1,0,0,10.8,0
1767917500,dm-1,0,0,0,0,0,0,0
1767917505,sda,0.2,0,0.2,0,0,1,0
1767917505,sda1,0,0,0,0,0,0,0
1767917505,sda2,0,0,0,0,0,0,0
1767917505,sda3,0.2,0,0.2,0,0,1,0
1767917505,dm-0,0,0,0,0,0,0,0
1767917505,dm-1,0.2,0,0.2,0,0,1,0
1767917510,sda,0,0,0,0,0,0,0
1767917510,sda1,0,0,0,0,0,0,0
1767917510,sda2,0,0,0,0,0,0,0
1767917510,sda3,0,0,0,0,0,0,0
1767917510,dm-0,0,0,0,0,0,0,0
1767917510,dm-1,0,0,0,0,0,0,0
1767917515,sda,0.6,0,0.6,0,0,336,0
1767917515,sda1,0,0,0,0,0,0,0
1767917515,sda2,0,0,0,0,0,0,0
1767917515,sda3,0.6,0,0.6,0,0,336,0
1767917515,dm-0,0.6,0,0.6,0,0,4.8,0
1767917515,dm-1,0.4,0,0.4,0,0,331.2,0
1767917520,sda,0.6,0,0.6,0,0,17.599999999999998,0
1767917520,sda1,0,0,0,0,0,0,0
1767917520,sda2,0,0,0,0,0,0,0
1767917520,sda3,0.6,0,0.6,0,0,17.599999999999998,0
1767917520,dm-0,0.8,0,0.8,0,0,17.599999999999998,0
1767917520,dm-1,0,0,0,0,0,0,0
1767917525,sda,0.2,0,0.2,0,0,8,0
1767917525,sda1,0,0,0,0,0,0,0
1767917525,sda2,0,0,0,0,0,0,0
1767917525,sda3,0.2,0,0.2,0,0,8,0
1767917525,dm-0,0,0,0,0,0,0,0
1767917525,dm-1,0.4,0,0.4,0,0,8,0
1767917530,sda,1.6,0,1.6,0,0,32.6,0
1767917530,sda1,0,0,0,0,0,0,0
1767917530,sda2,0,0,0,0,0,0,0
1767917530,sda3,1.6,0,1.6,0,0,32.6,0
1767917530,dm-0,1.6,0,1.6,0,0,32.6,0
1767917530,dm-1,0,0,0,0,0,0,0
1767917535,sda,5,0,5,0,0,54.400000000000006,0
1767917535,sda1,0,0,0,0,0,0,0
1767917535,sda2,0,0,0,0,0,0,0
1767917535,sda3,5,0,5,0,0,54.400000000000006,0
1767917535,dm-0,4.3999999999999995,0,4.3999999999999995,0,0,50.2,0
1767917535,dm-1,0.8,0,0.8,0,0,4.2,0
1767917540,sda,0,0,0,0,0,0,0
1767917540,sda1,0,0,0,0,0,0,0
1767917540,sda2,0,0,0,0,0,0,0
1767917540,sda3,0,0,0,0,0,0,0
1767917540,dm-0,0,0,0,0,0,0,0
1767917540,dm-1,0,0,0,0,0,0,0
1767917545,sda,0,0,0,0,0,0,0
1767917545,sda1,0,0,0,0,0,0,0
1767917545,sda2,0,0,0,0,0,0,0
1767917545,sda3,0,0,0,0,0,0,0
1767917545,dm-0,0,0,0,0,0,0,0
1767917545,dm-1,0,0,0,0,0,0,0
1767917550,sda,0.2,0,0.2,0,0,1.6,0
1767917550,sda1,0,0,0,0,0,0,0
1767917550,sda2,0,0,0,0,0,0,0
1767917550,sda3,0.2,0,0.2,0,0,1.6,0
1767917550,dm-0,0.2,0,0.2,0,0,1.6,0
1767917550,dm-1,0,0,0,0,0,0,0
1767917555,sda,1,0,1,0,0,592,0
1767917555,sda1,0,0,0,0,0,0,0
1767917555,sda2,0,0,0,0,0,0,0
1767917555,sda3,1,0,1,0,0,592,0
1767917555,dm-0,0.4,0,0.4,0,0,16,0
1767917555,dm-1,0.8,0,0.8,0,0,576,0
1767917560,sda,6.2,0,6.2,0,0,147,0
1767917560,sda1,0,0,0,0,0,0,0
1767917560,sda2,0,0,0,0,0,0,0
1767917560,sda3,6.2,0,6.2,0,0,147,0
1767917560,dm-0,6.800000000000001,0,6.800000000000001,0,0,147,0
1767917560,dm-1,0,0,0,0,0,0,0
1767917565,sda,0.2,0,0.2,0,0,1,0
1767917565,sda1,0,0,0,0,0,0,0
1767917565,sda2,0,0,0,0,0,0,0
1767917565,sda3,0.2,0,0.2,0,0,1,0
1767917565,dm-0,0,0,0,0,0,0,0
1767917565,dm-1,0.2,0,0.2,0,0,1,0
1767917570,sda,0,0,0,0,0,0,0
1767917570,sda1,0,0,0,0,0,0,0
1767917570,sda2,0,0,0,0,0,0,0
1767917570,sda3,0,0,0,0,0,0,0
1767917570,dm-0,0,0,0,0,0,0,0
1767917570,dm-1,0,0,0,0,0,0,0
1767917575,sda,0.2,0,0.2,0,0,1.6,0
1767917575,sda1,0,0,0,0,0,0,0
1767917575,sda2,0,0,0,0,0,0,0
1767917575,sda3,0.2,0,0.2,0,0,1.6,0
1767917575,dm-0,0.2,0,0.2,0,0,1.6,0
1767917575,dm-1,0,0,0,0,0,0,0
1767917580,sda,0,0,0,0,0,0,0
1767917580,sda1,0,0,0,0,0,0,0
1767917580,sda2,0,0,0,0,0,0,0
1767917580,sda3,0,0,0,0,0,0,0
1767917580,dm-0,0,0,0,0,0,0,0
1767917580,dm-1,0,0,0,0,0,0,0
1767917585,sda,0.2,0,0.2,0,0,6.4,0
1767917585,sda1,0,0,0,0,0,0,0
1767917585,sda2,0,0,0,0,0,0,0
1767917585,sda3,0.2,0,0.2,0,0,6.4,0
1767917585,dm-0,0,0,0,0,0,0,0
1767917585,dm-1,0.4,0,0.4,0,0,6.4,0
1767917590,sda,4.8,0,4.8,0,0,96.2,0
1767917590,sda1,0,0,0,0,0,0,0
1767917590,sda2,0,0,0,0,0,0,0
1767917590,sda3,4.8,0,4.8,0,0,96.2,0
1767917590,dm-0,6.2,0,6.2,0,0,96.2,0
1767917590,dm-1,0,0,0,0,0,0,0
1767917595,sda,0.8,0,0.8,0,0,329,0
1767917595,sda1,0,0,0,0,0,0,0
1767917595,sda2,0,0,0,0,0,0,0
1767917595,sda3,0.8,0,0.8,0,0,329,0
1767917595,dm-0,0,0,0,0,0,0,0
1767917595,dm-1,1.2,0,1.2,0,0,329,0
1767917600,sda,0.6,0,0.6,0,0,3.8,0
1767917600,sda1,0,0,0,0,0,0,0
1767917600,sda2,0,0,0,0,0,0,0
1767917600,sda3,0.6,0,0.6,0,0,3.8,0
1767917600,dm-0,0.6,0,0.6,0,0,3.8,0
1767917600,dm-1,0,0,0,0,0,0,0
1767917605,sda,0,0,0,0,0,0,0
1767917605,sda1,0,0,0,0,0,0,0
1767917605,sda2,0,0,0,0,0,0,0
1767917605,sda3,0,0,0,0,0,0,0
1767917605,dm-0,0,0,0,0,0,0,0
1767917605,dm-1,0,0,0,0,0,0,0
1767917610,sda,0.4,0,0.4,0,0,22.400000000000002,0
1767917610,sda1,0,0,0,0,0,0,0
1767917610,sda2,0,0,0,0,0,0,0
1767917610,sda3,0.4,0,0.4,0,0,22.400000000000002,0
1767917610,dm-0,0,0,0,0,0,0,0
1767917610,dm-1,0.6,0,0.6,0,0,22.400000000000002,0
1767917615,sda,0,0,0,0,0,0,0
1767917615,sda1,0,0,0,0,0,0,0
1767917615,sda2,0,0,0,0,0,0,0
1767917615,sda3,0,0,0,0,0,0,0
1767917615,dm-0,0,0,0,0,0,0,0
1767917615,dm-1,0,0,0,0,0,0,0
1767917620,sda,0.8,0,0.8,0,0,274.40000000000003,0
1767917620,sda1,0,0,0,0,0,0,0
1767917620,sda2,0,0,0,0,0,0,0
1767917620,sda3,0.8,0,0.8,0,0,274.40000000000003,0
1767917620,dm-0,0.4,0,0.4,0,0,7.199999999999999,0
1767917620,dm-1,0.6,0,0.6,0,0,267.2,0
1767917625,sda,0.6,0,0.6,0,0,23,0
1767917625,sda1,0,0,0,0,0,0,0
1767917625,sda2,0,0,0,0,0,0,0
1767917625,sda3,0.6,0,0.6,0,0,23,0
1767917625,dm-0,0.4,0,0.4,0,0,16,0
1767917625,dm-1,0.4,0,0.4,0,0,7.000000000000001,0
1767917630,sda,0,0,0,0,0,0,0
1767917630,sda1,0,0,0,0,0,0,0
1767917630,sda2,0,0,0,0,0,0,0
1767917630,sda3,0,0,0,0,0,0,0
1767917630,dm-0,0,0,0,0,0,0,0
1767917630,dm-1,0,0,0,0,0,0,0
1767917635,sda,0.6,0,0.6,0,0,8,0
1767917635,sda1,0,0,0,0,0,0,0
1767917635,sda2,0,0,0,0,0,0,0
1767917635,sda3,0.6,0,0.6,0,0,8,0
1767917635,dm-0,1,0,1,0,0,8,0
1767917635,dm-1,0,0,0,0,0,0,0
1767917640,sda,0.2,0,0.2,0,0,1.6,0
1767917640,sda1,0,0,0,0,0,0,0
1767917640,sda2,0,0,0,0,0,0,0
1767917640,sda3,0.2,0,0.2,0,0,1.6,0
1767917640,dm-0,0.2,0,0.2,0,0,1.6,0
1767917640,dm-1,0,0,0,0,0,0,0
1767917645,sda,0,0,0,0,0,0,0
1767917645,sda1,0,0,0,0,0,0,0
1767917645,sda2,0,0,0,0,0,0,0
1767917645,sda3,0,0,0,0,0,0,0
1767917645,dm-0,0,0,0,0,0,0,0
1767917645,dm-1,0,0,0,0,0,0,0
