#timestamp,kbmemfree,kbavail,kbmemused,%memused,kbbuffers,kbcached,kbcommit,%commit,kbactive,kbinact,kbdirty
1767916940,263468,2678332,558720,15.069391700614512,1080,2396656,3143896,42.401858838139844,850520,1830764,132
1767916945,261720,2677316,559628,15.093881619830146,1080,2397352,3143520,42.396787710175325,850524,1833084,804
1767916950,267920,2683660,553364,14.924933542774287,1080,2397420,3143520,42.396787710175325,850528,1833996,756
1767916955,263320,2679140,557888,15.04695159842574,1080,2397476,3143520,42.396787710175325,850532,1834136,816
1767916960,263320,2679168,557860,15.046196402679001,1080,2397480,3143528,42.396895606514995,850536,1834284,780
1767916965,263096,2678996,558036,15.05094334737278,1080,2397532,3143528,42.396895606514995,850540,1834416,16
1767916970,263096,2678996,558040,15.051051232479459,1080,2397536,3143528,42.396895606514995,850540,1834440,4
1767916975,262844,2679436,557604,15.03929175585169,1080,2398220,3144780,42.41378138367345,850544,1835372,692
1767916980,262100,2678712,558320,15.058603189946835,1080,2398224,3144780,42.41378138367345,850544,1835388,680
1767916985,262100,2678768,558268,15.057200683560035,1080,2398276,3141648,42.3715399666924,850544,1834280,736
1767916990,264296,2680964,556072,14.997971759994478,1080,2398280,3141648,42.3715399666924,850544,1834292,728
1767916995,264296,2681040,556000,14.996029828074295,1080,2398336,3142900,42.38842574385085,850544,1834516,788
1767917000,264296,2681044,555996,14.995921942967616,1080,2398340,3142900,42.38842574385085,850544,1834552,776
1767917005,260516,2677984,559064,15.078669819788718,1080,2399044,3148260,42.460716291430174,850544,1838600,80
1767917010,260516,2677980,559068,15.078777704895394,1080,2399048,3148260,42.460716291430174,850544,1838620,28
1767917015,260516,2678032,559012,15.07726731340192,1080,2399104,3148836,42.468484827886456,850548,1839212,76
1767917020,260516,2678032,559012,15.07726731340192,1080,2399108,3148836,42.468484827886456,850548,1839224,84
1767917025,260516,2678092,558960,15.07586480701512,1080,2399164,3148836,42.468484827886456,850548,1839316,132
1767917030,260516,2678092,558952,15.075649036801767,1080,2399168,3148836,42.468484827886456,850548,1839348,124
1767917035,259508,2677788,559256,15.083848304909203,1080,2399868,3149460,42.476900742380764,850548,1840604,720
1767917040,257496,2675776,561260,15.137898743354278,1080,2399872,3149460,42.476900742380764,850548,1840608,704
1767917045,255420,2673756,563284,15.192488607332736,1080,2399924,3149460,42.476900742380764,850548,1840696,8
1767917050,257552,2675900,561140,15.134662190153975,1080,2399928,3149460,42.476900742380764,850548,1840712,0
1767917055,257328,2675732,561312,15.139301249741074,1080,2399984,3149460,42.476900742380764,850548,1840828,64
1767917060,257328,2675724,561316,15.139409134847753,1080,2399988,3149460,42.476900742380764,850548,1840840,52
1767917065,255324,2674396,562656,15.17555064558448,1080,2400672,3151072,42.4986418548244,850548,1843208,24
1767917070,254820,2673900,563164,15.189252054132432,1080,2400676,3151072,42.4986418548244,850548,1843220,0
1767917075,252176,2671312,565752,15.259053718152316,1080,2400732,3149816,42.48170212949611,850548,1843928,64
1767917080,252176,2671316,565744,15.258837947938964,1080,2400736,3149816,42.48170212949611,850548,1843948,52
1767917085,251700,2670804,566252,15.272539356486917,1080,2400788,3150072,42.485154812365565,850548,1844016,112
1767917090,248996,2668104,568952,15.345361803493752,1080,2400792,3150072,42.485154812365565,848820,1846940,100
1767917095,248540,2668304,568716,15.33899658219982,1080,2401476,3151328,42.50209453769386,848824,1847728,792
1767917100,248408,2668204,568852,15.34266467582683,1080,2401480,3151328,42.50209453769386,848824,1846316,780
1767917105,248444,2668292,568768,15.340399088586617,1080,2401532,3150072,42.485154812365565,848828,1846232,20
1767917110,207304,2627228,609844,16.44827124905061,1080,2401544,3615288,48.75954275689175,848832,1891200,12
1767917115,251900,2671908,565136,15.24243941172409,1080,2401612,3150392,42.489470665952396,848828,1846956,56
1767917120,251160,2671188,565864,15.262074501139267,1080,2401616,3150392,42.489470665952396,848828,1847016,64
1767917125,250920,2671632,565404,15.249667713871434,1080,2402300,3153016,42.52486066536436,848832,1848920,756
1767917130,252844,2673556,563472,15.197559207346545,1080,2402308,3150392,42.489470665952396,848828,1847172,772
1767917135,252844,2673616,563432,15.196480356279777,1080,2402364,3150392,42.489470665952396,848828,1847260,828
1767917140,252844,2673620,563436,15.196588241386452,1080,2402368,3150392,42.489470665952396,848828,1847308,832
1767917145,255020,2675848,561208,15.136496236967478,1080,2402420,3150392,42.489470665952396,848828,1847404,68
1767917150,255020,2675852,561192,15.136064696540771,1080,2402424,3150392,42.489470665952396,848828,1847424,36
1767917155,254780,2676384,559996,15.103807049644411,1080,2403124,3177432,42.854160294039104,848828,1851952,748
1767917160,254780,2676392,560016,15.104346475177794,1080,2403132,3177432,42.854160294039104,848828,1852028,732
1767917165,251316,2673056,563788,15.206082130774009,1080,2403184,3149048,42.47134408088773,848832,1848028,784
1767917170,251064,2672824,564024,15.212447352067942,1080,2403200,3149048,42.47134408088773,848876,1846068,796
1767917175,250840,2672652,564208,15.217410066975074,1080,2403252,3149048,42.47134408088773,848876,1846140,780
1767917180,250840,2672660,564200,15.217194296761722,1080,2403260,3149048,42.47134408088773,848876,1846152,788
1767917185,250600,2673116,563728,15.204463854173857,1080,2403956,3153288,42.52852914091316,848880,1849084,68
1767917190,250348,2672824,564008,15.212015811641235,1080,2403968,3150664,42.493139141501196,848876,1847888,60
1767917195,249844,2672364,564500,15.225285679762479,1080,2404020,3150664,42.493139141501196,848876,1847948,76
1767917200,248840,2671368,565512,15.252580611751709,1080,2404028,3150664,42.493139141501196,848876,1847956,88
1767917205,244248,2667832,569016,15.34708796520058,1080,2405100,3150664,42.493139141501196,849800,1848212,140
1767917210,244000,2667588,569304,15.354855692881308,1080,2405104,3150664,42.493139141501196,849800,1848216,148
1767917215,243496,2667736,569068,15.348490471587379,1080,2405784,3151920,42.51007886682948,849800,1849008,828
1767917220,243836,2668112,568768,15.340399088586617,1080,2405792,3151920,42.51007886682948,849800,1849048,812
1767917225,243836,2668504,568408,15.330689428985709,1080,2406184,3148420,42.46287421822358,849896,1848216,908
1767917230,243836,2668508,568408,15.330689428985709,1080,2406188,3148420,42.46287421822358,849896,1848232,88
1767917235,243836,2668560,568356,15.329286922598909,1080,2406240,3149048,42.47134408088773,849896,1848292,132
1767917240,243836,2668568,568344,15.328963267278878,1080,2406248,3149048,42.47134408088773,849896,1848304,96
1767917245,243836,2669264,567600,15.308896637436995,1080,2406948,3150668,42.493193089671024,849896,1850516,812
1767917250,241916,2667356,569492,15.359926292895118,1080,2406960,3150668,42.493193089671024,849896,1850532,836
1767917255,241916,2667408,569456,15.358955326935028,1080,2407012,3150668,42.493193089671024,849896,1850584,844
1767917260,241916,2667416,569452,15.358847441828349,1080,2407020,3150668,42.493193089671024,849896,1850600,852
1767917265,244092,2669644,567220,15.298647552302699,1080,2407072,3150668,42.493193089671024,849896,1850656,80
1767917270,244092,2669648,567236,15.299079092729407,1080,2407076,3150668,42.493193089671024,849896,1850664,84
1767917275,244092,2670328,566568,15.281062279914382,1080,2407756,3149408,42.4761994161729,849896,1849704,712
1767917280,244092,2670336,566560,15.280846509701028,1080,2407764,3149408,42.4761994161729,849896,1849716,704
1767917285,246268,2672636,564264,15.21892045846855,1080,2407872,3151408,42.503173501090565,849928,1850760,772
1767917290,252408,2678804,558016,15.050403921839397,1080,2407904,3148784,42.467783501678596,849924,1849704,792
1767917295,253420,2679868,556960,15.021922253676726,1080,2407956,3148784,42.467783501678596,849928,1849756,844
1767917300,250904,2677356,559468,15.089566215563075,1080,2407964,3148784,42.467783501678596,849928,1849768,848
1767917305,250400,2677544,559312,15.085358696402679,1080,2408648,3151028,42.49804842495621,849928,1851592,80
1767917310,249424,2676556,560300,15.112006317751847,1080,2408652,3153652,42.53343842436818,849932,1852828,40
1767917315,251948,2679132,557716,15.04231253883864,1080,2408708,3149772,42.48110869962792,849928,1851552,76
1767917320,249936,2677124,559712,15.09614720707036,1080,2408716,3149772,42.48110869962792,849928,1851568,76
1767917325,250972,2678220,558624,15.066802458054271,1080,2408768,3149772,42.48110869962792,849928,1851812,132
1767917330,250264,2677528,559316,15.085466581509355,1080,2408772,3149772,42.48110869962792,849928,1851812,136
1767917335,248760,2676708,560116,15.107043602844714,1080,2409452,3151028,42.49804842495621,849928,1853140,812
1767917340,249264,2677220,559616,15.093557964510115,1080,2409460,3151028,42.49804842495621,849928,1853156,820
1767917345,243912,2671920,564904,15.236182075536837,1080,2409512,3149772,42.48110869962792,849928,1853072,72
1767917350,245732,2673740,563096,15.187418007318925,1080,2409516,3149772,42.48110869962792,849928,1853080,12
1767917355,244492,2672628,563628,15.201766726506937,1080,2409596,3177524,42.85540110194532,849936,1857456,92
1767917360,244492,2672656,563676,15.203061347787061,1080,2409604,3177524,42.85540110194532,849932,1857328,104
1767917365,245220,2674084,562552,15.172745632810884,1080,2410300,3151036,42.49815632129588,849932,1854672,812
1767917370,245836,2674736,562056,15.15936787958296,1080,2410304,3151036,42.49815632129588,849928,1854556,828
1767917375,245836,2674800,562004,15.157965373196161,1080,2410360,3151036,42.49815632129588,849928,1854624,884
1767917380,246088,2675060,561760,15.151384381688876,1080,2410368,3151036,42.49815632129588,849928,1854640,852
1767917385,244052,2673076,563748,15.205003279707244,1080,2410420,3151036,42.49815632129588,849928,1854548,80
1767917390,244336,2673284,563536,15.199285369053372,1080,2410424,3151036,42.49815632129588,849928,1854648,48
1767917395,244380,2674024,562820,15.179973934958227,1080,2411120,3152028,42.51153546741504,849928,1856344,712
1767917400,243628,2673264,563576,15.200364220120141,1080,2411124,3152028,42.51153546741504,849928,1856344,712
1767917405,256748,2689156,547644,14.770657840226473,1080,2413912,3144240,42.40649838074568,850988,1848088,1748
1767917410,244832,2678356,558456,15.062271283573844,1080,2415032,3144240,42.40649838074568,852096,1848104,1768
1767917415,244832,2678408,558452,15.062163398467169,1080,2415084,3142980,42.38950470724756,852100,1848308,1784
1767917420,244860,2678420,558448,15.062055513360493,1080,2415088,3142980,42.38950470724756,852100,1848308,1788
1767917425,246624,2680244,556624,15.012859904715874,1080,2415144,3144916,42.41561562144785,852100,1849204,1164
1767917430,246372,2680000,556868,15.019440896223157,1080,2415152,3143612,42.39802851808154,852100,1848376,1176
1767917435,245404,2679748,557104,15.02580611751709,1080,2415868,3143608,42.3979745699117,852100,1849472,40
1767917440,245404,2679748,557108,15.025914002623766,1080,2415872,3143608,42.3979745699117,852100,1849480,40
1767917445,244648,2679052,557792,15.044362355865498,1080,2415928,3143608,42.3979745699117,852100,1849976,100
1767917450,244648,2679052,557792,15.044362355865498,1080,2415932,3143608,42.3979745699117,852100,1849996,64
1767917455,244648,2679108,557740,15.042959849478699,1080,2415984,3143608,42.3979745699117,852100,1850076,120
1767917460,244648,2679108,557736,15.042851964372023,1080,2415988,3143608,42.3979745699117,852100,1850092,120
1767917465,244648,2679796,557052,15.02440361113029,1080,2416672,3144868,42.41496824340983,852100,1850936,804
1767917470,244648,2679796,557052,15.02440361113029,1080,2416676,3144868,42.41496824340983,852100,1850952,808
1767917475,242760,2677964,558888,15.073922875094938,1080,2416728,3143608,42.3979745699117,852100,1850096,36
1767917480,242536,2677740,559108,15.079856555962163,1080,2416732,3143608,42.3979745699117,852100,1850676,36
1767917485,242536,2677804,559048,15.078238279362012,1080,2416792,3143608,42.3979745699117,852100,1850804,76
1767917490,242536,2677804,559044,15.078130394255334,1080,2416796,3143608,42.3979745699117,852100,1850804,84
1767917495,242536,2678504,558344,15.059250500586895,1080,2417496,3145228,42.419823578695,852100,1852520,784
1767917500,242536,2678508,558340,15.059142615480217,1080,2417500,3145228,42.419823578695,852100,1852528,788
1767917505,242536,2678560,558260,15.056984913346682,1080,2417556,3145228,42.419823578695,852100,1853148,848
1767917510,242536,2678568,558272,15.057308568666713,1080,2417560,3145228,42.419823578695,852100,1853164,852
1767917515,242536,2678620,558220,15.055906062279915,1080,2417612,3145228,42.419823578695,852100,1853216,68
1767917520,238440,2674532,562312,15.166272526410275,1080,2417616,3145228,42.419823578695,852100,1853224,28
1767917525,238440,2675192,561628,15.147824173168543,1080,2418300,3145228,42.419823578695,852100,1854472,704
1767917530,237824,2674620,562196,15.163143858316646,1080,2418320,3145228,42.419823578695,852108,1854516,736
1767917535,245672,2682384,554616,14.958701581164124,1080,2418356,3128412,42.193025472707355,852780,1845284,784
1767917540,245420,2682184,554964,14.968087585445005,1080,2418360,3131036,42.228415472119316,852784,1846508,788
1767917545,245168,2681988,555180,14.97391338120555,1080,2418420,3128412,42.193025472707355,852780,1845408,852
1767917550,245168,2681996,555176,14.973805496098874,1080,2418424,3128412,42.193025472707355,852780,1845420,852
1767917555,244496,2682000,555176,14.973805496098874,1080,2419100,3128412,42.193025472707355,852780,1846108,52
1767917560,244496,2682004,555204,14.974560691845612,1080,2419104,3128412,42.193025472707355,852780,1845080,28
1767917565,244496,2682060,555152,14.973158185458812,1080,2419160,3128412,42.193025472707355,852780,1845156,92
1767917570,244496,2682064,555148,14.973050300352137,1080,2419164,3128412,42.193025472707355,852780,1845184,96
1767917575,246232,2683852,553364,14.924933542774287,1080,2419216,3128412,42.193025472707355,852780,1845236,144
1767917580,246232,2683856,553364,14.924933542774287,1080,2419220,3128412,42.193025472707355,852780,1845252,148
1767917585,246232,2684500,552644,14.905514223572464,1080,2419892,3129672,42.210019146205475,852780,1846396,808
1767917590,246232,2684532,552684,14.906593074639233,1080,2419896,3129672,42.210019146205475,852780,1846432,812
1767917595,246232,2684584,552640,14.905406338465788,1080,2419948,3128412,42.193025472707355,852780,1845992,16
1767917600,246232,2684588,552620,14.904866912932405,1080,2419956,3128412,42.193025472707355,852784,1846056,32
1767917605,246232,2684648,552576,14.90368017675896,1080,2420012,3128412,42.193025472707355,852780,1846060,96
1767917610,246232,2684652,552572,14.903572291652281,1080,2420016,3128412,42.193025472707355,852780,1846112,100
1767917615,246232,2685312,551892,14.885231823517229,1080,2420680,3129672,42.210019146205475,852780,1847292,716
1767917620,245728,2684816,552372,14.898178036318443,1080,2420684,3129672,42.210019146205475,852780,1847316,52
1767917625,245476,2684572,552576,14.90368017675896,1080,2420740,3128412,42.193025472707355,852780,1847028,76
1767917630,245224,2684372,552852,14.91112424911966,1080,2420748,3131504,42.23472740799005,852784,1848620,92
1767917635,243964,2683156,554036,14.943058240695988,1080,2420800,3131504,42.23472740799005,852784,1848716,124
1767917640,243480,2682692,554528,14.956328108817235,1080,2420808,3128412,42.193025472707355,852780,1847224,136
1767917645,243804,2683656,553512,14.92892529172133,1080,2421472,3128700,42.196909740935496,852780,1848776,804
