#timestamp,DEV,tps,rtps,wtps,dtps,bread/s,bwrtn/s,bdscd/s
1767800531,sda,7.5,7.199999999999999,0.3,0,2266.4,4.3999999999999995,0
1767800531,sda1,0,0,0,0,0,0,0
1767800531,sda2,0,0,0,0,0,0,0
1767800531,sda3,7.5,7.199999999999999,0.3,0,2266.4,4.3999999999999995,0
1767800531,dm-0,15.299999999999999,15,0.3,0,2266.4,4.3999999999999995,0
1767800531,dm-1,0,0,0,0,0,0,0
1767800536,sda,0,0,0,0,0,0,0
1767800536,sda1,0,0,0,0,0,0,0
1767800536,sda2,0,0,0,0,0,0,0
1767800536,sda3,0,0,0,0,0,0,0
1767800536,dm-0,0,0,0,0,0,0,0
1767800536,dm-1,0,0,0,0,0,0,0
1767800541,sda,0.8,0.2,0.6,0,6.4,256,0
1767800541,sda1,0,0,0,0,0,0,0
1767800541,sda2,0,0,0,0,0,0,0
1767800541,sda3,0.8,0.2,0.6,0,6.4,256,0
1767800541,dm-0,0.8,0.8,0,0,6.4,0,0
1767800541,dm-1,1,0,1,0,0,256,0
1767800546,sda,3,0,3,0,0,87,0
1767800546,sda1,0,0,0,0,0,0,0
1767800546,sda2,0,0,0,0,0,0,0
1767800546,sda3,3,0,3,0,0,87,0
1767800546,dm-0,3.8,0,3.8,0,0,86.2,0
1767800546,dm-1,0.2,0,0.2,0,0,0.8,0
1767800551,sda,0,0,0,0,0,0,0
1767800551,sda1,0,0,0,0,0,0,0
1767800551,sda2,0,0,0,0,0,0,0
1767800551,sda3,0,0,0,0,0,0,0
1767800551,dm-0,0,0,0,0,0,0,0
1767800551,dm-1,0,0,0,0,0,0,0
1767800556,sda,0.2,0,0.2,0,0,12.8,0
1767800556,sda1,0,0,0,0,0,0,0
1767800556,sda2,0,0,0,0,0,0,0
1767800556,sda3,0.2,0,0.2,0,0,12.8,0
1767800556,dm-0,0.2,0,0.2,0,0,12.8,0
1767800556,dm-1,0,0,0,0,0,0,0
1767800561,sda,0,0,0,0,0,0,0
1767800561,sda1,0,0,0,0,0,0,0
1767800561,sda2,0,0,0,0,0,0,0
1767800561,sda3,0,0,0,0,0,0,0
1767800561,dm-0,0,0,0,0,0,0,0
1767800561,dm-1,0,0,0,0,0,0,0
1767800566,sda,1.7999999999999998,0,1.7999999999999998,0,0,22.400000000000002,0
1767800566,sda1,0,0,0,0,0,0,0
1767800566,sda2,0,0,0,0,0,0,0
1767800566,sda3,1.7999999999999998,0,1.7999999999999998,0,0,22.400000000000002,0
1767800566,dm-0,2.1999999999999997,0,2.1999999999999997,0,0,22.400000000000002,0
1767800566,dm-1,0,0,0,0,0,0,0
1767800571,sda,0,0,0,0,0,0,0
1767800571,sda1,0,0,0,0,0,0,0
1767800571,sda2,0,0,0,0,0,0,0
1767800571,sda3,0,0,0,0,0,0,0
1767800571,dm-0,0,0,0,0,0,0,0
1767800571,dm-1,0,0,0,0,0,0,0
1767800576,sda,2.4,0.6,1.7999999999999998,0,8,31.4,0
1767800576,sda1,0,0,0,0,0,0,0
1767800576,sda2,0,0,0,0,0,0,0
1767800576,sda3,2.4,0.6,1.7999999999999998,0,8,31.4,0
1767800576,dm-0,2.8000000000000003,1,1.7999999999999998,0,8,30.599999999999998,0
1767800576,dm-1,0.2,0,0.2,0,0,0.8,0
1767800581,sda,0.2,0,0.2,0,0,161.60000000000002,0
1767800581,sda1,0,0,0,0,0,0,0
1767800581,sda2,0,0,0,0,0,0,0
1767800581,sda3,0.2,0,0.2,0,0,161.60000000000002,0
1767800581,dm-0,0,0,0,0,0,0,0
1767800581,dm-1,0.4,0,0.4,0,0,161.60000000000002,0
1767800586,sda,0.2,0,0.2,0,0,4.8,0
1767800586,sda1,0,0,0,0,0,0,0
1767800586,sda2,0,0,0,0,0,0,0
1767800586,sda3,0.2,0,0.2,0,0,4.8,0
1767800586,dm-0,0.4,0,0.4,0,0,4.8,0
1767800586,dm-1,0,0,0,0,0,0,0
1767800591,sda,0,0,0,0,0,0,0
1767800591,sda1,0,0,0,0,0,0,0
1767800591,sda2,0,0,0,0,0,0,0
1767800591,sda3,0,0,0,0,0,0,0
1767800591,dm-0,0,0,0,0,0,0,0
1767800591,dm-1,0,0,0,0,0,0,0
1767800596,sda,0.4,0,0.4,0,0,4.8,0
1767800596,sda1,0,0,0,0,0,0,0
1767800596,sda2,0,0,0,0,0,0,0
1767800596,sda3,0.4,0,0.4,0,0,4.8,0
1767800596,dm-0,0.4,0,0.4,0,0,4.8,0
1767800596,dm-1,0,0,0,0,0,0,0
1767800601,sda,0.4,0,0.4,0,0,6.4,0
1767800601,sda1,0,0,0,0,0,0,0
1767800601,sda2,0,0,0,0,0,0,0
1767800601,sda3,0.4,0,0.4,0,0,6.4,0
1767800601,dm-0,0,0,0,0,0,0,0
1767800601,dm-1,0.6,0,0.6,0,0,6.4,0
1767800606,sda,2.4,0,2.4,0,0,45.800000000000004,0
1767800606,sda1,0,0,0,0,0,0,0
1767800606,sda2,0,0,0,0,0,0,0
1767800606,sda3,2.4,0,2.4,0,0,45.800000000000004,0
1767800606,dm-0,2.8000000000000003,0,2.8000000000000003,0,0,45,0
1767800606,dm-1,0.2,0,0.2,0,0,0.8,0
1767800611,sda,0.2,0,0.2,0,0,140.79999999999998,0
1767800611,sda1,0,0,0,0,0,0,0
1767800611,sda2,0,0,0,0,0,0,0
1767800611,sda3,0.2,0,0.2,0,0,140.79999999999998,0
1767800611,dm-0,0,0,0,0,0,0,0
1767800611,dm-1,0.4,0,0.4,0,0,140.79999999999998,0
1767800616,sda,0.2,0,0.2,0,0,6.4,0
1767800616,sda1,0,0,0,0,0,0,0
1767800616,sda2,0,0,0,0,0,0,0
1767800616,sda3,0.2,0,0.2,0,0,6.4,0
1767800616,dm-0,0.4,0,0.4,0,0,6.4,0
1767800616,dm-1,0,0,0,0,0,0,0
1767800621,sda,0,0,0,0,0,0,0
1767800621,sda1,0,0,0,0,0,0,0
1767800621,sda2,0,0,0,0,0,0,0
1767800621,sda3,0,0,0,0,0,0,0
1767800621,dm-0,0,0,0,0,0,0,0
1767800621,dm-1,0,0,0,0,0,0,0
1767800626,sda,0.4,0,0.4,0,0,6.4,0
1767800626,sda1,0,0,0,0,0,0,0
1767800626,sda2,0,0,0,0,0,0,0
1767800626,sda3,0.4,0,0.4,0,0,6.4,0
1767800626,dm-0,0.6,0,0.6,0,0,6.4,0
1767800626,dm-1,0,0,0,0,0,0,0
1767800631,sda,0,0,0,0,0,0,0
1767800631,sda1,0,0,0,0,0,0,0
1767800631,sda2,0,0,0,0,0,0,0
1767800631,sda3,0,0,0,0,0,0,0
1767800631,dm-0,0,0,0,0,0,0,0
1767800631,dm-1,0,0,0,0,0,0,0
1767800636,sda,2,0.2,1.7999999999999998,0,4.8,21.2,0
1767800636,sda1,0,0,0,0,0,0,0
1767800636,sda2,0,0,0,0,0,0,0
1767800636,sda3,2,0.2,1.7999999999999998,0,4.8,21.2,0
1767800636,dm-0,2.4,0.6,1.7999999999999998,0,4.8,14.2,0
1767800636,dm-1,0.4,0,0.4,0,0,7.000000000000001,0
1767800641,sda,0,0,0,0,0,0,0
1767800641,sda1,0,0,0,0,0,0,0
1767800641,sda2,0,0,0,0,0,0,0
1767800641,sda3,0,0,0,0,0,0,0
1767800641,dm-0,0,0,0,0,0,0,0
1767800641,dm-1,0,0,0,0,0,0,0
1767800646,sda,0.2,0,0.2,0,0,4.8,0
1767800646,sda1,0,0,0,0,0,0,0
1767800646,sda2,0,0,0,0,0,0,0
1767800646,sda3,0.2,0,0.2,0,0,4.8,0
1767800646,dm-0,0.4,0,0.4,0,0,4.8,0
1767800646,dm-1,0,0,0,0,0,0,0
1767800651,sda,0.2,0,0.2,0,0,161.60000000000002,0
1767800651,sda1,0,0,0,0,0,0,0
1767800651,sda2,0,0,0,0,0,0,0
1767800651,sda3,0.2,0,0.2,0,0,161.60000000000002,0
1767800651,dm-0,0,0,0,0,0,0,0
1767800651,dm-1,0.4,0,0.4,0,0,161.60000000000002,0
1767800656,sda,0.2,0,0.2,0,0,6.4,0
1767800656,sda1,0,0,0,0,0,0,0
1767800656,sda2,0,0,0,0,0,0,0
1767800656,sda3,0.2,0,0.2,0,0,6.4,0
1767800656,dm-0,0.4,0,0.4,0,0,6.4,0
1767800656,dm-1,0,0,0,0,0,0,0
1767800661,sda,0.2,0,0.2,0,0,1.6,0
1767800661,sda1,0,0,0,0,0,0,0
1767800661,sda2,0,0,0,0,0,0,0
1767800661,sda3,0.2,0,0.2,0,0,1.6,0
1767800661,dm-0,0,0,0,0,0,0,0
1767800661,dm-1,0.2,0,0.2,0,0,1.6,0
1767800666,sda,1.7999999999999998,0,1.7999999999999998,0,0,29.4,0
1767800666,sda1,0,0,0,0,0,0,0
1767800666,sda2,0,0,0,0,0,0,0
1767800666,sda3,1.7999999999999998,0,1.7999999999999998,0,0,29.4,0
1767800666,dm-0,2,0,2,0,0,28.4,0
1767800666,dm-1,0.2,0,0.2,0,0,1,0
1767800671,sda,0,0,0,0,0,0,0
1767800671,sda1,0,0,0,0,0,0,0
1767800671,sda2,0,0,0,0,0,0,0
1767800671,sda3,0,0,0,0,0,0,0
1767800671,dm-0,0,0,0,0,0,0,0
1767800671,dm-1,0,0,0,0,0,0,0
1767800676,sda,0.2,0,0.2,0,0,4.8,0
1767800676,sda1,0,0,0,0,0,0,0
1767800676,sda2,0,0,0,0,0,0,0
1767800676,sda3,0.2,0,0.2,0,0,4.8,0
1767800676,dm-0,0.4,0,0.4,0,0,4.8,0
1767800676,dm-1,0,0,0,0,0,0,0
1767800681,sda,0,0,0,0,0,0,0
1767800681,sda1,0,0,0,0,0,0,0
1767800681,sda2,0,0,0,0,0,0,0
1767800681,sda3,0,0,0,0,0,0,0
1767800681,dm-0,0,0,0,0,0,0,0
1767800681,dm-1,0,0,0,0,0,0,0
1767800686,sda,0.4,0,0.4,0,0,6.4,0
1767800686,sda1,0,0,0,0,0,0,0
1767800686,sda2,0,0,0,0,0,0,0
1767800686,sda3,0.4,0,0.4,0,0,6.4,0
1767800686,dm-0,0.6,0,0.6,0,0,6.4,0
1767800686,dm-1,0,0,0,0,0,0,0
1767800691,sda,0.2,0,0.2,0,0,244.79999999999998,0
1767800691,sda1,0,0,0,0,0,0,0
1767800691,sda2,0,0,0,0,0,0,0
1767800691,sda3,0.2,0,0.2,0,0,244.79999999999998,0
1767800691,dm-0,0,0,0,0,0,0,0
1767800691,dm-1,0.4,0,0.4,0,0,244.79999999999998,0
1767800696,sda,0.8,0,0.8,0,0,13.4,0
1767800696,sda1,0,0,0,0,0,0,0
1767800696,sda2,0,0,0,0,0,0,0
1767800696,sda3,0.8,0,0.8,0,0,13.4,0
1767800696,dm-0,0.6,0,0.6,0,0,6.2,0
1767800696,dm-1,0.4,0,0.4,0,0,7.199999999999999,0
1767800701,sda,0,0,0,0,0,0,0
1767800701,sda1,0,0,0,0,0,0,0
1767800701,sda2,0,0,0,0,0,0,0
1767800701,sda3,0,0,0,0,0,0,0
1767800701,dm-0,0,0,0,0,0,0,0
1767800701,dm-1,0,0,0,0,0,0,0
1767800706,sda,0.2,0,0.2,0,0,6.4,0
1767800706,sda1,0,0,0,0,0,0,0
1767800706,sda2,0,0,0,0,0,0,0
1767800706,sda3,0.2,0,0.2,0,0,6.4,0
1767800706,dm-0,0.4,0,0.4,0,0,6.4,0
1767800706,dm-1,0,0,0,0,0,0,0
1767800711,sda,0,0,0,0,0,0,0
1767800711,sda1,0,0,0,0,0,0,0
1767800711,sda2,0,0,0,0,0,0,0
1767800711,sda3,0,0,0,0,0,0,0
1767800711,dm-0,0,0,0,0,0,0,0
1767800711,dm-1,0,0,0,0,0,0,0
1767800716,sda,0.2,0,0.2,0,0,4.8,0
1767800716,sda1,0,0,0,0,0,0,0
1767800716,sda2,0,0,0,0,0,0,0
1767800716,sda3,0.2,0,0.2,0,0,4.8,0
1767800716,dm-0,0.4,0,0.4,0,0,4.8,0
1767800716,dm-1,0,0,0,0,0,0,0
1767800721,sda,0.2,0,0.2,0,0,1.6,0
1767800721,sda1,0,0,0,0,0,0,0
1767800721,sda2,0,0,0,0,0,0,0
1767800721,sda3,0.2,0,0.2,0,0,1.6,0
1767800721,dm-0,0,0,0,0,0,0,0
1767800721,dm-1,0.2,0,0.2,0,0,1.6,0
1767800726,sda,1.7999999999999998,0,1.7999999999999998,0,0,25.4,0
1767800726,sda1,0,0,0,0,0,0,0
1767800726,sda2,0,0,0,0,0,0,0
1767800726,sda3,1.7999999999999998,0,1.7999999999999998,0,0,25.4,0
1767800726,dm-0,1.6,0,1.6,0,0,21.4,0
1767800726,dm-1,0.8,0,0.8,0,0,4,0
1767800731,sda,0,0,0,0,0,0,0
1767800731,sda1,0,0,0,0,0,0,0
1767800731,sda2,0,0,0,0,0,0,0
1767800731,sda3,0,0,0,0,0,0,0
1767800731,dm-0,0,0,0,0,0,0,0
1767800731,dm-1,0,0,0,0,0,0,0
1767800736,sda,0.4,0,0.4,0,0,164.79999999999998,0
1767800736,sda1,0,0,0,0,0,0,0
1767800736,sda2,0,0,0,0,0,0,0
1767800736,sda3,0.4,0,0.4,0,0,164.79999999999998,0
1767800736,dm-0,0.4,0,0.4,0,0,4.8,0
1767800736,dm-1,0.4,0,0.4,0,0,160,0
1767800741,sda,0,0,0,0,0,0,0
1767800741,sda1,0,0,0,0,0,0,0
1767800741,sda2,0,0,0,0,0,0,0
1767800741,sda3,0,0,0,0,0,0,0
1767800741,dm-0,0,0,0,0,0,0,0
1767800741,dm-1,0,0,0,0,0,0,0
1767800746,sda,0.6,0,0.6,0,0,27.200000000000003,0
1767800746,sda1,0,0,0,0,0,0,0
1767800746,sda2,0,0,0,0,0,0,0
1767800746,sda3,0.6,0,0.6,0,0,27.200000000000003,0
1767800746,dm-0,0.6,0,0.6,0,0,8,0
1767800746,dm-1,0.4,0,0.4,0,0,19.2,0
1767800751,sda,0,0,0,0,0,0,0
1767800751,sda1,0,0,0,0,0,0,0
1767800751,sda2,0,0,0,0,0,0,0
1767800751,sda3,0,0,0,0,0,0,0
1767800751,dm-0,0,0,0,0,0,0,0
1767800751,dm-1,0,0,0,0,0,0,0
1767800756,sda,1.2,0,1.2,0,0,114.8,0
1767800756,sda1,0,0,0,0,0,0,0
1767800756,sda2,0,0,0,0,0,0,0
1767800756,sda3,1.2,0,1.2,0,0,114.8,0
1767800756,dm-0,0.8,0,0.8,0,0,7.000000000000001,0
1767800756,dm-1,0.8,0,0.8,0,0,107.80000000000001,0
1767800761,sda,0,0,0,0,0,0,0
1767800761,sda1,0,0,0,0,0,0,0
1767800761,sda2,0,0,0,0,0,0,0
1767800761,sda3,0,0,0,0,0,0,0
1767800761,dm-0,0,0,0,0,0,0,0
1767800761,dm-1,0,0,0,0,0,0,0
1767800766,sda,0.2,0,0.2,0,0,4.8,0
1767800766,sda1,0,0,0,0,0,0,0
1767800766,sda2,0,0,0,0,0,0,0
1767800766,sda3,0.2,0,0.2,0,0,4.8,0
1767800766,dm-0,0.4,0,0.4,0,0,4.8,0
1767800766,dm-1,0,0,0,0,0,0,0
1767800771,sda,0,0,0,0,0,0,0
1767800771,sda1,0,0,0,0,0,0,0
1767800771,sda2,0,0,0,0,0,0,0
1767800771,sda3,0,0,0,0,0,0,0
1767800771,dm-0,0,0,0,0,0,0,0
1767800771,dm-1,0,0,0,0,0,0,0
1767800776,sda,0.2,0,0.2,0,0,4.8,0
1767800776,sda1,0,0,0,0,0,0,0
1767800776,sda2,0,0,0,0,0,0,0
1767800776,sda3,0.2,0,0.2,0,0,4.8,0
1767800776,dm-0,0.4,0,0.4,0,0,4.8,0
1767800776,dm-1,0,0,0,0,0,0,0
1767800781,sda,0,0,0,0,0,0,0
1767800781,sda1,0,0,0,0,0,0,0
1767800781,sda2,0,0,0,0,0,0,0
1767800781,sda3,0,0,0,0,0,0,0
1767800781,dm-0,0,0,0,0,0,0,0
1767800781,dm-1,0,0,0,0,0,0,0
1767800786,sda,1,0,1,0,0,20.200000000000003,0
1767800786,sda1,0,0,0,0,0,0,0
1767800786,sda2,0,0,0,0,0,0,0
1767800786,sda3,1,0,1,0,0,20.200000000000003,0
1767800786,dm-0,1,0,1,0,0,19.6,0
1767800786,dm-1,0.2,0,0.2,0,0,0.6,0
1767800791,sda,0.2,0,0.2,0,0,160,0
1767800791,sda1,0,0,0,0,0,0,0
1767800791,sda2,0,0,0,0,0,0,0
1767800791,sda3,0.2,0,0.2,0,0,160,0
1767800791,dm-0,0,0,0,0,0,0,0
1767800791,dm-1,0.4,0,0.4,0,0,160,0
1767800796,sda,0.2,0,0.2,0,0,4.8,0
1767800796,sda1,0,0,0,0,0,0,0
1767800796,sda2,0,0,0,0,0,0,0
1767800796,sda3,0.2,0,0.2,0,0,4.8,0
1767800796,dm-0,0.4,0,0.4,0,0,4.8,0
1767800796,dm-1,0,0,0,0,0,0,0
1767800801,sda,0.8,0.4,0.4,0,6.4,22.400000000000002,0
1767800801,sda1,0,0,0,0,0,0,0
1767800801,sda2,0,0,0,0,0,0,0
1767800801,sda3,0.8,0.4,0.4,0,6.4,22.400000000000002,0
1767800801,dm-0,0.8,0.8,0,0,6.4,0,0
1767800801,dm-1,0.6,0,0.6,0,0,22.400000000000002,0
1767800806,sda,0.4,0,0.4,0,0,6.4,0
1767800806,sda1,0,0,0,0,0,0,0
1767800806,sda2,0,0,0,0,0,0,0
1767800806,sda3,0.4,0,0.4,0,0,6.4,0
1767800806,dm-0,0.6,0,0.6,0,0,6.4,0
1767800806,dm-1,0,0,0,0,0,0,0
1767800811,sda,0.6,0,0.6,0,0,4.8,0
1767800811,sda1,0,0,0,0,0,0,0
1767800811,sda2,0,0,0,0,0,0,0
1767800811,sda3,0.6,0,0.6,0,0,4.8,0
1767800811,dm-0,0.6,0,0.6,0,0,4.8,0
1767800811,dm-1,0,0,0,0,0,0,0
1767800816,sda,0.6,0,0.6,0,0,107,0
1767800816,sda1,0,0,0,0,0,0,0
1767800816,sda2,0,0,0,0,0,0,0
1767800816,sda3,0.6,0,0.6,0,0,107,0
1767800816,dm-0,0.2,0,0.2,0,0,1.4000000000000001,0
1767800816,dm-1,0.6,0,0.6,0,0,105.60000000000001,0
1767800821,sda,0.4,0,0.4,0,0,5.4,0
1767800821,sda1,0,0,0,0,0,0,0
1767800821,sda2,0,0,0,0,0,0,0
1767800821,sda3,0.4,0,0.4,0,0,5.4,0
1767800821,dm-0,0.4,0,0.4,0,0,4.8,0
1767800821,dm-1,0.2,0,0.2,0,0,0.6,0
1767800826,sda,0.2,0.2,0,0,6.4,0,0
1767800826,sda1,0,0,0,0,0,0,0
1767800826,sda2,0,0,0,0,0,0,0
1767800826,sda3,0.2,0.2,0,0,6.4,0,0
1767800826,dm-0,0.8,0.8,0,0,6.4,0,0
1767800826,dm-1,0,0,0,0,0,0,0
1767800831,sda,0.2,0,0.2,0,0,6.4,0
1767800831,sda1,0,0,0,0,0,0,0
1767800831,sda2,0,0,0,0,0,0,0
1767800831,sda3,0.2,0,0.2,0,0,6.4,0
1767800831,dm-0,0.4,0,0.4,0,0,6.4,0
1767800831,dm-1,0,0,0,0,0,0,0
1767800836,sda,0,0,0,0,0,0,0
1767800836,sda1,0,0,0,0,0,0,0
1767800836,sda2,0,0,0,0,0,0,0
1767800836,sda3,0,0,0,0,0,0,0
1767800836,dm-0,0,0,0,0,0,0,0
1767800836,dm-1,0,0,0,0,0,0,0
1767800841,sda,0.2,0,0.2,0,0,4.8,0
1767800841,sda1,0,0,0,0,0,0,0
1767800841,sda2,0,0,0,0,0,0,0
1767800841,sda3,0.2,0,0.2,0,0,4.8,0
1767800841,dm-0,0.4,0,0.4,0,0,4.8,0
1767800841,dm-1,0,0,0,0,0,0,0
1767800846,sda,0.8,0,0.8,0,0,10.8,0
1767800846,sda1,0,0,0,0,0,0,0
1767800846,sda2,0,0,0,0,0,0,0
1767800846,sda3,0.8,0,0.8,0,0,10.8,0
1767800846,dm-0,1,0,1,0,0,10.8,0
1767800846,dm-1,0,0,0,0,0,0,0
1767800851,sda,0.8,0.2,0.6,0,1.6,165.6,0
1767800851,sda1,0,0,0,0,0,0,0
1767800851,sda2,0,0,0,0,0,0,0
1767800851,sda3,0.8,0.2,0.6,0,1.6,165.6,0
1767800851,dm-0,0.6,0.2,0.4,0,1.6,4.8,0
1767800851,dm-1,0.6,0,0.6,0,0,160.8,0
1767800856,sda,0,0,0,0,0,0,0
1767800856,sda1,0,0,0,0,0,0,0
1767800856,sda2,0,0,0,0,0,0,0
1767800856,sda3,0,0,0,0,0,0,0
1767800856,dm-0,0,0,0,0,0,0,0
1767800856,dm-1,0,0,0,0,0,0,0
1767800861,sda,0.2,0,0.2,0,0,4.8,0
1767800861,sda1,0,0,0,0,0,0,0
1767800861,sda2,0,0,0,0,0,0,0
1767800861,sda3,0.2,0,0.2,0,0,4.8,0
1767800861,dm-0,0.4,0,0.4,0,0,4.8,0
1767800861,dm-1,0,0,0,0,0,0,0
1767800866,sda,0.4,0,0.4,0,0,4.8,0
1767800866,sda1,0,0,0,0,0,0,0
1767800866,sda2,0,0,0,0,0,0,0
1767800866,sda3,0.4,0,0.4,0,0,4.8,0
1767800866,dm-0,0.6,0,0.6,0,0,4.8,0
1767800866,dm-1,0,0,0,0,0,0,0
1767800871,sda,0.4,0,0.4,0,0,8,0
1767800871,sda1,0,0,0,0,0,0,0
1767800871,sda2,0,0,0,0,0,0,0
1767800871,sda3,0.4,0,0.4,0,0,8,0
1767800871,dm-0,0,0,0,0,0,0,0
1767800871,dm-1,0.6,0,0.6,0,0,8,0
1767800876,sda,1.4000000000000001,0,1.4000000000000001,0,0,20.200000000000003,0
1767800876,sda1,0,0,0,0,0,0,0
1767800876,sda2,0,0,0,0,0,0,0
1767800876,sda3,1.4000000000000001,0,1.4000000000000001,0,0,20.200000000000003,0
1767800876,dm-0,1.7999999999999998,0,1.7999999999999998,0,0,20.200000000000003,0
1767800876,dm-1,0,0,0,0,0,0,0
1767800881,sda,0.2,0,0.2,0,0,1,0
1767800881,sda1,0,0,0,0,0,0,0
1767800881,sda2,0,0,0,0,0,0,0
1767800881,sda3,0.2,0,0.2,0,0,1,0
1767800881,dm-0,0,0,0,0,0,0,0
1767800881,dm-1,0.2,0,0.2,0,0,1,0
1767800886,sda,0.2,0,0.2,0,0,4.8,0
1767800886,sda1,0,0,0,0,0,0,0
1767800886,sda2,0,0,0,0,0,0,0
1767800886,sda3,0.2,0,0.2,0,0,4.8,0
1767800886,dm-0,0.4,0,0.4,0,0,4.8,0
1767800886,dm-1,0,0,0,0,0,0,0
1767800891,sda,0.2,0,0.2,0,0,160,0
1767800891,sda1,0,0,0,0,0,0,0
1767800891,sda2,0,0,0,0,0,0,0
1767800891,sda3,0.2,0,0.2,0,0,160,0
1767800891,dm-0,0,0,0,0,0,0,0
1767800891,dm-1,0.4,0,0.4,0,0,160,0
1767800896,sda,0.2,0,0.2,0,0,4.8,0
1767800896,sda1,0,0,0,0,0,0,0
1767800896,sda2,0,0,0,0,0,0,0
1767800896,sda3,0.2,0,0.2,0,0,4.8,0
1767800896,dm-0,0.4,0,0.4,0,0,4.8,0
1767800896,dm-1,0,0,0,0,0,0,0
1767800901,sda,0,0,0,0,0,0,0
1767800901,sda1,0,0,0,0,0,0,0
1767800901,sda2,0,0,0,0,0,0,0
1767800901,sda3,0,0,0,0,0,0,0
1767800901,dm-0,0,0,0,0,0,0,0
1767800901,dm-1,0,0,0,0,0,0,0
1767800906,sda,1,0,1,0,0,24.4,0
1767800906,sda1,0,0,0,0,0,0,0
1767800906,sda2,0,0,0,0,0,0,0
1767800906,sda3,1,0,1,0,0,24.4,0
1767800906,dm-0,1.2,0,1.2,0,0,24.4,0
1767800906,dm-1,0,0,0,0,0,0,0
1767800911,sda,0.8,0,0.8,0,0,10.4,0
1767800911,sda1,0,0,0,0,0,0,0
1767800911,sda2,0,0,0,0,0,0,0
1767800911,sda3,0.8,0,0.8,0,0,10.4,0
1767800911,dm-0,0,0,0,0,0,0,0
1767800911,dm-1,1,0,1,0,0,10.4,0
1767800916,sda,0.2,0,0.2,0,0,4.8,0
1767800916,sda1,0,0,0,0,0,0,0
1767800916,sda2,0,0,0,0,0,0,0
1767800916,sda3,0.2,0,0.2,0,0,4.8,0
1767800916,dm-0,0.4,0,0.4,0,0,4.8,0
1767800916,dm-1,0,0,0,0,0,0,0
1767800921,sda,2,2,0,0,36.8,0,0
1767800921,sda1,0,0,0,0,0,0,0
1767800921,sda2,0,0,0,0,0,0,0
1767800921,sda3,2,2,0,0,36.8,0,0
1767800921,dm-0,4.6,4.6,0,0,36.8,0,0
1767800921,dm-1,0,0,0,0,0,0,0
1767800926,sda,0.4,0,0.4,0,0,8,0
1767800926,sda1,0,0,0,0,0,0,0
1767800926,sda2,0,0,0,0,0,0,0
1767800926,sda3,0.4,0,0.4,0,0,8,0
1767800926,dm-0,0.6,0,0.6,0,0,8,0
1767800926,dm-1,0,0,0,0,0,0,0
1767800931,sda,0.4,0,0.4,0,0,243.2,0
1767800931,sda1,0,0,0,0,0,0,0
1767800931,sda2,0,0,0,0,0,0,0
1767800931,sda3,0.4,0,0.4,0,0,243.2,0
1767800931,dm-0,0,0,0,0,0,0,0
1767800931,dm-1,0.6,0,0.6,0,0,243.2,0
1767800936,sda,0.4,0,0.4,0,0,5.4,0
1767800936,sda1,0,0,0,0,0,0,0
1767800936,sda2,0,0,0,0,0,0,0
1767800936,sda3,0.4,0,0.4,0,0,5.4,0
1767800936,dm-0,0.6,0,0.6,0,0,5.4,0
1767800936,dm-1,0,0,0,0,0,0,0
1767800941,sda,0.2,0,0.2,0,0,0.6,0
1767800941,sda1,0,0,0,0,0,0,0
1767800941,sda2,0,0,0,0,0,0,0
1767800941,sda3,0.2,0,0.2,0,0,0.6,0
1767800941,dm-0,0,0,0,0,0,0,0
1767800941,dm-1,0.2,0,0.2,0,0,0.6,0
1767800946,sda,0.4,0,0.4,0,0,25.6,0
1767800946,sda1,0,0,0,0,0,0,0
1767800946,sda2,0,0,0,0,0,0,0
1767800946,sda3,0.4,0,0.4,0,0,25.6,0
1767800946,dm-0,0.4,0,0.4,0,0,4.8,0
1767800946,dm-1,0.4,0,0.4,0,0,20.8,0
1767800951,sda,0,0,0,0,0,0,0
1767800951,sda1,0,0,0,0,0,0,0
1767800951,sda2,0,0,0,0,0,0,0
1767800951,sda3,0,0,0,0,0,0,0
1767800951,dm-0,0,0,0,0,0,0,0
1767800951,dm-1,0,0,0,0,0,0,0
1767800956,sda,0.4,0,0.4,0,0,24,0
1767800956,sda1,0,0,0,0,0,0,0
1767800956,sda2,0,0,0,0,0,0,0
1767800956,sda3,0.4,0,0.4,0,0,24,0
1767800956,dm-0,0.4,0,0.4,0,0,4.8,0
1767800956,dm-1,0.4,0,0.4,0,0,19.2,0
1767800961,sda,0,0,0,0,0,0,0
1767800961,sda1,0,0,0,0,0,0,0
1767800961,sda2,0,0,0,0,0,0,0
1767800961,sda3,0,0,0,0,0,0,0
1767800961,dm-0,0,0,0,0,0,0,0
1767800961,dm-1,0,0,0,0,0,0,0
1767800966,sda,1,0,1,0,0,118.8,0
1767800966,sda1,0,0,0,0,0,0,0
1767800966,sda2,0,0,0,0,0,0,0
1767800966,sda3,1,0,1,0,0,118.8,0
1767800966,dm-0,0.8,0,0.8,0,0,13.200000000000001,0
1767800966,dm-1,0.6,0,0.6,0,0,105.60000000000001,0
1767800971,sda,0.2,0,0.2,0,0,0.6,0
1767800971,sda1,0,0,0,0,0,0,0
1767800971,sda2,0,0,0,0,0,0,0
1767800971,sda3,0.2,0,0.2,0,0,0.6,0
1767800971,dm-0,0,0,0,0,0,0,0
1767800971,dm-1,0.2,0,0.2,0,0,0.6,0
1767800976,sda,0.4,0.2,0.2,0,6.4,4.8,0
1767800976,sda1,0,0,0,0,0,0,0
1767800976,sda2,0,0,0,0,0,0,0
1767800976,sda3,0.4,0.2,0.2,0,6.4,4.8,0
1767800976,dm-0,1.2,0.8,0.4,0,6.4,4.8,0
1767800976,dm-1,0,0,0,0,0,0,0
1767800981,sda,0,0,0,0,0,0,0
1767800981,sda1,0,0,0,0,0,0,0
1767800981,sda2,0,0,0,0,0,0,0
1767800981,sda3,0,0,0,0,0,0,0
1767800981,dm-0,0,0,0,0,0,0,0
1767800981,dm-1,0,0,0,0,0,0,0
1767800986,sda,0.6,0,0.6,0,0,8,0
1767800986,sda1,0,0,0,0,0,0,0
1767800986,sda2,0,0,0,0,0,0,0
1767800986,sda3,0.6,0,0.6,0,0,8,0
1767800986,dm-0,0.8,0,0.8,0,0,8,0
1767800986,dm-1,0,0,0,0,0,0,0
1767800991,sda,0,0,0,0,0,0,0
1767800991,sda1,0,0,0,0,0,0,0
1767800991,sda2,0,0,0,0,0,0,0
1767800991,sda3,0,0,0,0,0,0,0
1767800991,dm-0,0,0,0,0,0,0,0
1767800991,dm-1,0,0,0,0,0,0,0
1767800996,sda,0.8,0.2,0.6,0,1.6,7.6,0
1767800996,sda1,0,0,0,0,0,0,0
1767800996,sda2,0,0,0,0,0,0,0
1767800996,sda3,0.8,0.2,0.6,0,1.6,7.6,0
1767800996,dm-0,1,0.2,0.8,0,1.6,7.6,0
1767800996,dm-1,0,0,0,0,0,0,0
1767801001,sda,0.4,0,0.4,0,0,161,0
1767801001,sda1,0,0,0,0,0,0,0
1767801001,sda2,0,0,0,0,0,0,0
1767801001,sda3,0.4,0,0.4,0,0,161,0
1767801001,dm-0,0,0,0,0,0,0,0
1767801001,dm-1,0.6,0,0.6,0,0,161,0
1767801006,sda,1,0.2,0.8,0,3.2,11.200000000000001,0
1767801006,sda1,0,0,0,0,0,0,0
1767801006,sda2,0,0,0,0,0,0,0
1767801006,sda3,1,0.2,0.8,0,3.2,11.200000000000001,0
1767801006,dm-0,1.4000000000000001,0.4,1,0,3.2,11.200000000000001,0
1767801006,dm-1,0,0,0,0,0,0,0
1767801011,sda,0.4,0,0.4,0,0,20.8,0
1767801011,sda1,0,0,0,0,0,0,0
1767801011,sda2,0,0,0,0,0,0,0
1767801011,sda3,0.4,0,0.4,0,0,20.8,0
1767801011,dm-0,0,0,0,0,0,0,0
1767801011,dm-1,0.6,0,0.6,0,0,20.8,0
1767801016,sda,0.2,0,0.2,0,0,4.8,0
1767801016,sda1,0,0,0,0,0,0,0
1767801016,sda2,0,0,0,0,0,0,0
1767801016,sda3,0.2,0,0.2,0,0,4.8,0
1767801016,dm-0,0.4,0,0.4,0,0,4.8,0
1767801016,dm-1,0,0,0,0,0,0,0
1767801021,sda,0,0,0,0,0,0,0
1767801021,sda1,0,0,0,0,0,0,0
1767801021,sda2,0,0,0,0,0,0,0
1767801021,sda3,0,0,0,0,0,0,0
1767801021,dm-0,0,0,0,0,0,0,0
1767801021,dm-1,0,0,0,0,0,0,0
1767801026,sda,5,3.2,1.7999999999999998,0,40,132.20000000000002,0
1767801026,sda1,0,0,0,0,0,0,0
1767801026,sda2,0,0,0,0,0,0,0
1767801026,sda3,5,3.2,1.7999999999999998,0,40,132.20000000000002,0
1767801026,dm-0,6.6000000000000005,5,1.6,0,40,21.8,0
1767801026,dm-1,1,0,1,0,0,110.4,0
1767801031,sda,0.2,0,0.2,0,0,1,0
1767801031,sda1,0,0,0,0,0,0,0
1767801031,sda2,0,0,0,0,0,0,0
1767801031,sda3,0.2,0,0.2,0,0,1,0
1767801031,dm-0,0,0,0,0,0,0,0
1767801031,dm-1,0.2,0,0.2,0,0,1,0
1767801036,sda,0.2,0,0.2,0,0,4.8,0
1767801036,sda1,0,0,0,0,0,0,0
1767801036,sda2,0,0,0,0,0,0,0
1767801036,sda3,0.2,0,0.2,0,0,4.8,0
1767801036,dm-0,0.4,0,0.4,0,0,4.8,0
1767801036,dm-1,0,0,0,0,0,0,0
1767801041,sda,0,0,0,0,0,0,0
1767801041,sda1,0,0,0,0,0,0,0
1767801041,sda2,0,0,0,0,0,0,0
1767801041,sda3,0,0,0,0,0,0,0
1767801041,dm-0,0,0,0,0,0,0,0
1767801041,dm-1,0,0,0,0,0,0,0
1767801046,sda,0.4,0,0.4,0,0,6.4,0
1767801046,sda1,0,0,0,0,0,0,0
1767801046,sda2,0,0,0,0,0,0,0
1767801046,sda3,0.4,0,0.4,0,0,6.4,0
1767801046,dm-0,0.6,0,0.6,0,0,6.4,0
1767801046,dm-1,0,0,0,0,0,0,0
1767801051,sda,0,0,0,0,0,0,0
1767801051,sda1,0,0,0,0,0,0,0
1767801051,sda2,0,0,0,0,0,0,0
1767801051,sda3,0,0,0,0,0,0,0
1767801051,dm-0,0,0,0,0,0,0,0
1767801051,dm-1,0,0,0,0,0,0,0
1767801056,sda,1,0,1,0,0,26.200000000000003,0
1767801056,sda1,0,0,0,0,0,0,0
1767801056,sda2,0,0,0,0,0,0,0
1767801056,sda3,1,0,1,0,0,26.200000000000003,0
1767801056,dm-0,1.2,0,1.2,0,0,26.200000000000003,0
1767801056,dm-1,0,0,0,0,0,0,0
1767801061,sda,1,0,1,0,0,168.79999999999998,0
1767801061,sda1,0,0,0,0,0,0,0
1767801061,sda2,0,0,0,0,0,0,0
1767801061,sda3,1,0,1,0,0,168.79999999999998,0
1767801061,dm-0,0,0,0,0,0,0,0
1767801061,dm-1,1.4000000000000001,0,1.4000000000000001,0,0,168.79999999999998,0
1767801066,sda,0.2,0,0.2,0,0,4.8,0
1767801066,sda1,0,0,0,0,0,0,0
1767801066,sda2,0,0,0,0,0,0,0
1767801066,sda3,0.2,0,0.2,0,0,4.8,0
1767801066,dm-0,0.4,0,0.4,0,0,4.8,0
1767801066,dm-1,0,0,0,0,0,0,0
1767801071,sda,0,0,0,0,0,0,0
1767801071,sda1,0,0,0,0,0,0,0
1767801071,sda2,0,0,0,0,0,0,0
1767801071,sda3,0,0,0,0,0,0,0
1767801071,dm-0,0,0,0,0,0,0,0
1767801071,dm-1,0,0,0,0,0,0,0
1767801076,sda,0.2,0,0.2,0,0,4.8,0
1767801076,sda1,0,0,0,0,0,0,0
1767801076,sda2,0,0,0,0,0,0,0
1767801076,sda3,0.2,0,0.2,0,0,4.8,0
1767801076,dm-0,0.4,0,0.4,0,0,4.8,0
1767801076,dm-1,0,0,0,0,0,0,0
1767801081,sda,0.2,0,0.2,0,0,1.6,0
1767801081,sda1,0,0,0,0,0,0,0
1767801081,sda2,0,0,0,0,0,0,0
1767801081,sda3,0.2,0,0.2,0,0,1.6,0
1767801081,dm-0,0,0,0,0,0,0,0
1767801081,dm-1,0.2,0,0.2,0,0,1.6,0
1767801086,sda,0.6,0,0.6,0,0,11.600000000000001,0
1767801086,sda1,0,0,0,0,0,0,0
1767801086,sda2,0,0,0,0,0,0,0
1767801086,sda3,0.6,0,0.6,0,0,11.600000000000001,0
1767801086,dm-0,0.8,0,0.8,0,0,11.600000000000001,0
1767801086,dm-1,0,0,0,0,0,0,0
1767801091,sda,0.2,0,0.2,0,0,0.6,0
1767801091,sda1,0,0,0,0,0,0,0
1767801091,sda2,0,0,0,0,0,0,0
1767801091,sda3,0.2,0,0.2,0,0,0.6,0
1767801091,dm-0,0,0,0,0,0,0,0
1767801091,dm-1,0.2,0,0.2,0,0,0.6,0
1767801096,sda,0.4,0,0.4,0,0,6.4,0
1767801096,sda1,0,0,0,0,0,0,0
1767801096,sda2,0,0,0,0,0,0,0
1767801096,sda3,0.4,0,0.4,0,0,6.4,0
1767801096,dm-0,0.6,0,0.6,0,0,6.4,0
1767801096,dm-1,0,0,0,0,0,0,0
1767801101,sda,0.2,0,0.2,0,0,160,0
1767801101,sda1,0,0,0,0,0,0,0
1767801101,sda2,0,0,0,0,0,0,0
1767801101,sda3,0.2,0,0.2,0,0,160,0
1767801101,dm-0,0,0,0,0,0,0,0
1767801101,dm-1,0.4,0,0.4,0,0,160,0
1767801106,sda,0.4,0,0.4,0,0,6.4,0
1767801106,sda1,0,0,0,0,0,0,0
1767801106,sda2,0,0,0,0,0,0,0
1767801106,sda3,0.4,0,0.4,0,0,6.4,0
1767801106,dm-0,0.6,0,0.6,0,0,6.4,0
1767801106,dm-1,0,0,0,0,0,0,0
1767801111,sda,0.6,0.6,0,0,16,0,0
1767801111,sda1,0,0,0,0,0,0,0
1767801111,sda2,0,0,0,0,0,0,0
1767801111,sda3,0.6,0.6,0,0,16,0,0
1767801111,dm-0,2,2,0,0,16,0,0
1767801111,dm-1,0,0,0,0,0,0,0
1767801116,sda,2.4,0,2.4,0,0,25.6,0
1767801116,sda1,0,0,0,0,0,0,0
1767801116,sda2,0,0,0,0,0,0,0
1767801116,sda3,2.4,0,2.4,0,0,25.6,0
1767801116,dm-0,2.8000000000000003,0,2.8000000000000003,0,0,25.6,0
1767801116,dm-1,0,0,0,0,0,0,0
1767801121,sda,1,0.2,0.8,0,12.8,7.199999999999999,0
1767801121,sda1,0,0,0,0,0,0,0
1767801121,sda2,0,0,0,0,0,0,0
1767801121,sda3,1,0.2,0.8,0,12.8,7.199999999999999,0
1767801121,dm-0,2.1999999999999997,1.6,0.6,0,12.8,6.4,0
1767801121,dm-1,0.2,0,0.2,0,0,0.8,0
1767801126,sda,0,0,0,0,0,0,0
1767801126,sda1,0,0,0,0,0,0,0
1767801126,sda2,0,0,0,0,0,0,0
1767801126,sda3,0,0,0,0,0,0,0
1767801126,dm-0,0,0,0,0,0,0,0
1767801126,dm-1,0,0,0,0,0,0,0
1767801131,sda,0,0,0,0,0,0,0
1767801131,sda1,0,0,0,0,0,0,0
1767801131,sda2,0,0,0,0,0,0,0
1767801131,sda3,0,0,0,0,0,0,0
1767801131,dm-0,0,0,0,0,0,0,0
1767801131,dm-1,0,0,0,0,0,0,0
1767801136,sda,1.4000000000000001,1.4000000000000001,0,0,43.2,0,0
1767801136,sda1,0,0,0,0,0,0,0
1767801136,sda2,0,0,0,0,0,0,0
1767801136,sda3,1.4000000000000001,1.4000000000000001,0,0,43.2,0,0
1767801136,dm-0,5.4,5.4,0,0,43.2,0,0
1767801136,dm-1,0,0,0,0,0,0,0
1767801141,sda,0.6,0,0.6,0,0,257.6,0
1767801141,sda1,0,0,0,0,0,0,0
1767801141,sda2,0,0,0,0,0,0,0
1767801141,sda3,0.6,0,0.6,0,0,257.6,0
1767801141,dm-0,0,0,0,0,0,0,0
1767801141,dm-1,1,0,1,0,0,257.6,0
1767801146,sda,0.2,0,0.2,0,0,1.6,0
1767801146,sda1,0,0,0,0,0,0,0
1767801146,sda2,0,0,0,0,0,0,0
1767801146,sda3,0.2,0,0.2,0,0,1.6,0
1767801146,dm-0,0.2,0,0.2,0,0,1.6,0
1767801146,dm-1,0,0,0,0,0,0,0
1767801151,sda,3,0,3,0,0,62.6,0
1767801151,sda1,0,0,0,0,0,0,0
1767801151,sda2,0,0,0,0,0,0,0
1767801151,sda3,3,0,3,0,0,62.6,0
1767801151,dm-0,3.5999999999999996,0,3.5999999999999996,0,0,61.4,0
1767801151,dm-1,0.4,0,0.4,0,0,1.2,0
1767801156,sda,0,0,0,0,0,0,0
1767801156,sda1,0,0,0,0,0,0,0
1767801156,sda2,0,0,0,0,0,0,0
1767801156,sda3,0,0,0,0,0,0,0
1767801156,dm-0,0,0,0,0,0,0,0
1767801156,dm-1,0,0,0,0,0,0,0
1767801161,sda,0.8,0,0.8,0,0,43.2,0
1767801161,sda1,0,0,0,0,0,0,0
1767801161,sda2,0,0,0,0,0,0,0
1767801161,sda3,0.8,0,0.8,0,0,43.2,0
1767801161,dm-0,0.6,0,0.6,0,0,4.8,0
1767801161,dm-1,0.4,0,0.4,0,0,38.4,0
1767801166,sda,1.2,0.2,1,0,12.8,16.8,0
1767801166,sda1,0,0,0,0,0,0,0
1767801166,sda2,0,0,0,0,0,0,0
1767801166,sda3,1.2,0.2,1,0,12.8,16.8,0
1767801166,dm-0,3,1.6,1.4000000000000001,0,12.8,16.8,0
1767801166,dm-1,0,0,0,0,0,0,0
1767801171,sda,0,0,0,0,0,0,0
1767801171,sda1,0,0,0,0,0,0,0
1767801171,sda2,0,0,0,0,0,0,0
1767801171,sda3,0,0,0,0,0,0,0
1767801171,dm-0,0,0,0,0,0,0,0
1767801171,dm-1,0,0,0,0,0,0,0
1767801176,sda,1.2,0,1.2,0,0,121.6,0
1767801176,sda1,0,0,0,0,0,0,0
1767801176,sda2,0,0,0,0,0,0,0
1767801176,sda3,1.2,0,1.2,0,0,121.6,0
1767801176,dm-0,0.6,0,0.6,0,0,11.200000000000001,0
1767801176,dm-1,1,0,1,0,0,110.4,0
