#timestamp,kbmemfree,kbavail,kbmemused,%memused,kbbuffers,kbcached,kbcommit,%commit,kbactive,kbinact,kbdirty
1767800531,1221336,3012800,365928,9.869555976787415,28,1983700,3123392,32.83747918871853,803888,1380900,424
1767800536,1221336,3012800,365904,9.868908665449002,28,1983704,3123392,32.83747918871853,803932,1380928,428
1767800541,1225276,3016992,361852,9.759620934480225,28,1983980,3097084,32.56089257951392,803996,1377160,56
1767800546,1225276,3016996,361856,9.759728819703293,28,1983984,3097084,32.56089257951392,804000,1377172,60
1767800551,1225276,3017044,361808,9.758434197026467,28,1984036,3097324,32.56341579626202,804012,1377304,116
1767800556,1225276,3017052,361896,9.760807671933982,28,1984040,3097324,32.56341579626202,804012,1377432,88
1767800561,1225276,3017100,361848,9.759513049257157,28,1984088,3097324,32.56341579626202,804024,1377724,144
1767800566,1225276,3017108,361844,9.759405164034089,28,1984096,3097324,32.56341579626202,804024,1377920,96
1767800571,1225276,3017380,361568,9.751961083642334,28,1984368,3097892,32.56938740923253,804024,1378620,380
1767800576,1225276,3017384,361564,9.751853198419266,28,1984372,3097892,32.56938740923253,804028,1378740,372
1767800581,1225276,3017436,361448,9.748724526950268,28,1984424,3097892,32.56938740923253,804028,1378908,24
1767800586,1225276,3017440,361500,9.750127034850163,28,1984428,3097892,32.56938740923253,804032,1379024,16
1767800591,1225276,3017488,361448,9.748724526950268,28,1984476,3097892,32.56938740923253,804036,1379148,72
1767800596,1225276,3017492,361448,9.748724526950268,28,1984480,3097892,32.56938740923253,804036,1379356,64
1767800601,1225276,3017756,361204,9.742143528343068,28,1984744,3097696,32.567326782221585,804036,1379304,316
1767800606,1225276,3017760,361200,9.742035643119998,28,1984748,3097696,32.567326782221585,804036,1379432,308
1767800611,1225276,3017812,361148,9.740633135220103,28,1984800,3097236,32.56249061678772,804044,1379544,12
1767800616,1221180,3013720,365240,9.850999718419567,28,1984804,3101332,32.60555351595535,804044,1381696,0
1767800621,1220932,3013520,365436,9.856286094349944,28,1984856,3101332,32.60555351595535,804044,1382020,64
1767800626,1220932,3013528,365432,9.856178209126874,28,1984860,3101332,32.60555351595535,804044,1382080,52
1767800631,1220932,3013788,365144,9.848410473065915,28,1985128,3101756,32.610011198877,804044,1382760,336
1767800636,1220932,3013800,365116,9.847655276504433,28,1985132,3101756,32.610011198877,804044,1382816,316
1767800641,1220932,3013844,365100,9.847223735612157,28,1985180,3102332,32.61606691907245,804044,1383552,368
1767800646,1220932,3013848,365092,9.847007965166018,28,1985184,3102332,32.61606691907245,804044,1384436,360
1767800651,1220932,3013900,365040,9.845605457266124,28,1985236,3102396,32.616739776871945,804044,1384548,12
1767800656,1212740,3005716,373224,10.066338623665056,28,1985244,3102396,32.616739776871945,802316,1387772,4
1767800661,1212740,3005976,372964,10.059326084165578,28,1985504,3102856,32.62157594230581,802316,1388136,268
1767800666,1210568,3003808,375072,10.116181596722878,28,1985508,3102856,32.62157594230581,802316,1386844,260
1767800671,1210568,3003860,375020,10.114779088822983,28,1985560,3102396,32.616739776871945,802316,1386820,316
1767800676,1212824,3006120,372808,10.055118560465893,28,1985564,3102396,32.616739776871945,802316,1386864,308
1767800681,1212824,3006168,372772,10.054147593458271,28,1985612,3102396,32.616739776871945,802316,1387172,364
1767800686,1212824,3006172,372744,10.05339239689679,28,1985616,3102396,32.616739776871945,802316,1387248,352
1767800691,1212572,3006184,372740,10.05328451167372,28,1985880,3102856,32.62157594230581,802316,1387616,12
1767800696,1211852,3005468,373464,10.072811737049188,28,1985884,3102856,32.62157594230581,802316,1387620,4
1767800701,1210848,3004516,374420,10.098596305362651,28,1985936,3102396,32.616739776871945,802316,1387588,64
1767800706,1211352,3005024,373884,10.08413968547142,28,1985940,3102396,32.616739776871945,802316,1387608,52
1767800711,1210880,3004604,374316,10.09579128956286,28,1985992,3102396,32.616739776871945,802316,1387676,108
1767800716,1211200,3004928,373992,10.08705258649428,28,1985996,3102396,32.616739776871945,802316,1387324,100
1767800721,1211200,3005188,373776,10.08122678444856,28,1986256,3102856,32.62157594230581,802316,1387684,364
1767800726,1211200,3005192,373724,10.079824276548665,28,1986260,3102856,32.62157594230581,802320,1387684,352
1767800731,1211200,3005244,373720,10.079716391325597,28,1986312,3102396,32.616739776871945,802320,1387640,408
1767800736,1211200,3005248,373716,10.079608506102527,28,1986316,3102396,32.616739776871945,802320,1387648,0
1767800741,1211200,3005292,373652,10.077882342533426,28,1986364,3102396,32.616739776871945,802320,1387712,60
1767800746,1213360,3007464,371464,10.018869125514748,28,1986372,3102396,32.616739776871945,802320,1387740,0
1767800751,1213360,3007728,371204,10.01185658601527,28,1986636,3102396,32.616739776871945,802320,1388012,280
1767800756,1213360,3007732,371236,10.012719667799821,28,1986640,3102396,32.616739776871945,802320,1388040,0
1767800761,1213360,3007784,371172,10.01099350423072,28,1986692,3103228,32.62548692826537,802320,1388428,60
1767800766,1213360,3007788,371188,10.011425045122994,28,1986696,3103228,32.62548692826537,802320,1388448,52
1767800771,1215908,3010384,368576,9.940975994459015,28,1986744,3103228,32.62548692826537,802320,1388496,104
1767800776,1215660,3010140,368816,9.947449107843148,28,1986748,3103228,32.62548692826537,802320,1388532,96
1767800781,1216416,3011160,367800,9.920046261183652,28,1987012,3104088,32.63452845494607,802320,1389304,368
1767800786,1218180,3012932,366044,9.872684648256413,28,1987020,3104088,32.63452845494607,802320,1389320,360
1767800791,1215944,3010744,368184,9.930403242598265,28,1987068,3103628,32.62969228951221,802320,1389316,12
1767800796,1216700,3011504,367472,9.911199672892005,28,1987072,3103628,32.62969228951221,802320,1389336,4
1767800801,1215944,3010800,368168,9.92997170170599,28,1987124,3111820,32.715818087847474,802320,1389684,12
1767800806,1215468,3010328,368644,9.942810043251187,28,1987128,3111820,32.715818087847474,802320,1389700,4
1767800811,1215468,3010588,368352,9.934934421967158,28,1987388,3112280,32.72065425328134,802320,1390072,264
1767800816,1215468,3010592,368376,9.93558173330557,28,1987392,3112280,32.72065425328134,802320,1390076,8
1767800821,1215684,3010860,368108,9.928353423359956,28,1987444,3111060,32.70782790147848,802320,1388580,52
1767800826,1215460,3010636,368328,9.934287110628743,28,1987448,3111060,32.70782790147848,802328,1388588,60
1767800831,1217224,3012456,366492,9.884767793240128,28,1987500,3111060,32.70782790147848,802328,1388668,96
1767800836,1217224,3012456,366452,9.883688941009439,28,1987504,3111060,32.70782790147848,802328,1388668,104
1767800841,1216024,3011528,367400,9.909257738876764,28,1987772,3111716,32.714724693923294,802328,1389288,368
1767800846,1216024,3011528,367400,9.909257738876764,28,1987776,3111716,32.714724693923294,802328,1389288,376
1767800851,1215268,3010824,368108,9.928353423359956,28,1987824,3111716,32.714724693923294,802328,1389344,12
1767800856,1215268,3010824,368112,9.928461308583024,28,1987828,3111716,32.714724693923294,802328,1389356,20
1767800861,1215300,3010912,368000,9.925440522337096,28,1987880,3111716,32.714724693923294,802328,1389424,68
1767800866,1215300,3010916,368020,9.92597994845244,28,1987884,3111716,32.714724693923294,802328,1389436,64
1767800871,1215300,3011184,367752,9.918751638506826,28,1988152,3111148,32.70875308095278,802328,1389280,324
1767800876,1215556,3011448,367532,9.912817951238036,28,1988160,3111148,32.70875308095278,802328,1389288,308
1767800881,1215332,3011272,367708,9.917564901053067,28,1988208,3111148,32.70875308095278,802328,1389444,360
1767800886,1215080,3011024,367956,9.924253784883339,28,1988212,3111148,32.70875308095278,802328,1389548,352
1767800891,1215080,3011076,367904,9.922851276983442,28,1988264,3111148,32.70875308095278,802328,1389624,8
1767800896,1215080,3011080,367900,9.922743391760374,28,1988268,3111148,32.70875308095278,802328,1389644,0
1767800901,1215080,3011340,367640,9.915730852260896,28,1988528,3111940,32.717079696221525,802304,1390252,272
1767800906,1214576,3010840,368140,9.929216505144508,28,1988532,3111940,32.717079696221525,802316,1390260,264
1767800911,1212740,3009052,369924,9.977333314633228,28,1988580,3111480,32.71224353078766,802316,1390228,316
1767800916,1214840,3011156,367772,9.91929106462217,28,1988584,3111480,32.71224353078766,802316,1390252,308
1767800921,1214616,3010988,367932,9.923606473544925,28,1988640,3111480,32.71224353078766,802316,1390368,372
1767800926,1214616,3010992,367976,9.924793210998683,28,1988644,3111544,32.71291638858715,802316,1390452,356
1767800931,1214616,3011248,367720,9.917888556722275,28,1988900,3112004,32.71775255402102,802316,1390832,8
1767800936,1214616,3011252,367708,9.917564901053067,28,1988904,3112004,32.71775255402102,802316,1390852,0
1767800941,1214616,3011304,367652,9.916054507930102,28,1988956,3111544,32.71291638858715,802316,1390820,60
1767800946,1214616,3011308,367604,9.914759885253277,28,1988960,3111544,32.71291638858715,802316,1390848,0
1767800951,1214616,3011352,367604,9.914759885253277,28,1989008,3111544,32.71291638858715,802316,1390908,56
1767800956,1214616,3011360,367600,9.914652000030207,28,1989012,3111544,32.71291638858715,802316,1390932,0
1767800961,1214616,3011620,367296,9.906452723076972,28,1989272,3112004,32.71775255402102,802316,1391316,272
1767800966,1214616,3011628,367312,9.906884263969248,28,1989280,3112004,32.71775255402102,802316,1391340,0
1767800971,1214616,3011676,367264,9.905589641292421,28,1989332,3111544,32.71291638858715,802316,1391304,60
1767800976,1214616,3011684,367260,9.905481756069353,28,1989336,3111544,32.71291638858715,802316,1391348,52
1767800981,1214616,3011728,367176,9.903216166384906,28,1989388,3111544,32.71291638858715,802316,1391660,112
1767800986,1214616,3011740,367172,9.903108281161838,28,1989392,3111544,32.71291638858715,802316,1391692,96
1767800991,1214364,3011748,367164,9.902892510715699,28,1989652,3111544,32.71291638858715,802316,1391972,368
1767800996,1214112,3011500,367412,9.90958139454597,28,1989656,3111544,32.71291638858715,802316,1392000,356
1767801001,1214112,3011548,367384,9.908826197984489,28,1989708,3111544,32.71291638858715,802316,1392064,12
1767801006,1212568,3010016,368916,9.95014623841987,28,1989716,3111544,32.71291638858715,802316,1391784,4
1767801011,1212344,3009836,369088,9.954785303011832,28,1989764,3111544,32.71291638858715,802316,1391844,8
1767801016,1212092,3009592,369372,9.962445153849723,28,1989768,3111544,32.71291638858715,802316,1391868,0
1767801021,1212092,3009860,369084,9.954677417788762,28,1990036,3111780,32.71539755172279,802316,1392168,284
1767801026,1214252,3012024,366920,9.896311512108499,28,1990040,3111784,32.715439605335256,802296,1392412,0
1767801031,1214252,3012072,366848,9.894369578093258,28,1990088,3111784,32.715439605335256,802296,1392480,56
1767801036,1214252,3012076,366844,9.89426169287019,28,1990092,3111784,32.715439605335256,802296,1392504,48
1767801041,1214252,3012124,366792,9.892859184970295,28,1990144,3111784,32.715439605335256,802296,1392812,108
1767801046,1214000,3011880,367028,9.899224413131357,28,1990148,3111784,32.715439605335256,802296,1392840,96
1767801051,1214000,3012136,366804,9.8931828406395,28,1990412,3112244,32.72027577076913,802296,1393304,368
1767801056,1214000,3012148,366800,9.89307495541643,28,1990416,3112244,32.72027577076913,802296,1393332,356
1767801061,1214000,3012192,366772,9.89231975885495,28,1990464,3111784,32.715439605335256,802296,1393292,12
1767801066,1211968,3010168,368800,9.947017566950873,28,1990468,3111784,32.715439605335256,802296,1392620,4
1767801071,1211968,3010220,368748,9.945615059050978,28,1990520,3111784,32.715439605335256,802292,1392676,64
1767801076,1211968,3010224,368744,9.945507173827908,28,1990524,3111784,32.715439605335256,802292,1392680,56
1767801081,1211968,3010484,368484,9.93849463432843,28,1990784,3112244,32.72027577076913,802292,1393044,316
1767801086,1211968,3010488,368480,9.938386749105362,28,1990788,3112244,32.72027577076913,802292,1393100,308
1767801091,1211744,3010312,368664,9.943349469366531,28,1990840,3111784,32.715439605335256,802292,1393084,364
1767801096,1211744,3010324,368660,9.943241584143461,28,1990848,3111784,32.715439605335256,802296,1393096,356
1767801101,1211744,3010372,368604,9.941731191020498,28,1990896,3111784,32.715439605335256,802296,1393776,12
1767801106,1211744,3010376,368600,9.941623305797428,28,1990900,3111784,32.715439605335256,802296,1393820,0
1767801111,1206456,3005384,373288,10.068064787234157,28,1991220,3137284,32.983531384821255,802304,1398716,340
1767801116,1206972,3005908,372752,10.053608167342928,28,1991228,3137284,32.983531384821255,802308,1398748,288
1767801121,1209224,3008172,370728,9.999018244470074,28,1991284,3107548,32.67090482973123,802456,1394108,360
1767801126,1209728,3008724,370196,9.984669509801911,28,1991288,3107548,32.67090482973123,802456,1394216,364
1767801131,1209504,3008500,370424,9.990818967516839,28,1991340,3107548,32.67090482973123,802456,1394216,416
1767801136,1208280,3007344,371296,10.014337946145854,28,1991392,3133048,32.93899660921723,802512,1398360,440
1767801141,1207584,3006884,371700,10.025234353675812,28,1991668,3133048,32.93899660921723,802512,1398612,72
1767801146,1211364,3010708,368248,9.932129406167366,28,1991688,3107548,32.67090482973123,802508,1394972,76
1767801151,1210644,3010040,368860,9.948635845296906,28,1991740,3107548,32.67090482973123,802508,1395024,68
1767801156,1211904,3011300,367640,9.915730852260896,28,1991744,3107548,32.67090482973123,802508,1395028,76
1767801161,1209984,3009440,369448,9.964494973088032,28,1991808,3107548,32.67090482973123,802508,1394188,44
1767801166,1205168,3004656,374144,10.091152224970898,28,1991856,3107548,32.67090482973123,802512,1393988,44
1767801171,1204948,3004676,374104,10.090073372740209,28,1992124,3107548,32.67090482973123,802516,1394244,324
1767801176,1204916,3004684,374116,10.090397028409416,28,1992148,3107548,32.67090482973123,802516,1394304,48
