#timestamp,mount,blocksize,blockstotal,blocksavail,use
1767916940,/,4096,9301568,6078572,35
1767916940,/var/oled,4096,2618880,2534072,3
1767916940,/boot,4096,259584,160217,38
1767916940,/boot/efi,2048,51091,48041,6
1767916945,/,4096,9301568,6078571,35
1767916945,/var/oled,4096,2618880,2534072,3
1767916945,/boot,4096,259584,160217,38
1767916945,/boot/efi,2048,51091,48041,6
1767916950,/,4096,9301568,6078600,35
1767916950,/var/oled,4096,2618880,2534072,3
1767916950,/boot,4096,259584,160217,38
1767916950,/boot/efi,2048,51091,48041,6
1767916955,/,4096,9301568,6078593,35
1767916955,/var/oled,4096,2618880,2534072,3
1767916955,/boot,4096,259584,160217,38
1767916955,/boot/efi,2048,51091,48041,6
1767916960,/,4096,9301568,6078602,35
1767916960,/var/oled,4096,2618880,2534072,3
1767916960,/boot,4096,259584,160217,38
1767916960,/boot/efi,2048,51091,48041,6
1767916965,/,4096,9301568,6078596,35
1767916965,/var/oled,4096,2618880,2534072,3
1767916965,/boot,4096,259584,160217,38
1767916965,/boot/efi,2048,51091,48041,6
1767916970,/,4096,9301568,6078600,35
1767916970,/var/oled,4096,2618880,2534072,3
1767916970,/boot,4096,259584,160217,38
1767916970,/boot/efi,2048,51091,48041,6
1767916975,/,4096,9301568,6078593,35
1767916975,/var/oled,4096,2618880,2534072,3
1767916975,/boot,4096,259584,160217,38
1767916975,/boot/efi,2048,51091,48041,6
1767916980,/,4096,9301568,6078597,35
1767916980,/var/oled,4096,2618880,2534072,3
1767916980,/boot,4096,259584,160217,38
1767916980,/boot/efi,2048,51091,48041,6
1767916985,/,4096,9301568,6078591,35
1767916985,/var/oled,4096,2618880,2534072,3
1767916985,/boot,4096,259584,160217,38
1767916985,/boot/efi,2048,51091,48041,6
1767916990,/,4096,9301568,6078595,35
1767916990,/var/oled,4096,2618880,2534072,3
1767916990,/boot,4096,259584,160217,38
1767916990,/boot/efi,2048,51091,48041,6
1767916995,/,4096,9301568,6078573,35
1767916995,/var/oled,4096,2618880,2534072,3
1767916995,/boot,4096,259584,160217,38
1767916995,/boot/efi,2048,51091,48041,6
1767917000,/,4096,9301568,6078578,35
1767917000,/var/oled,4096,2618880,2534072,3
1767917000,/boot,4096,259584,160217,38
1767917000,/boot/efi,2048,51091,48041,6
1767917005,/,4096,9301568,6078578,35
1767917005,/var/oled,4096,2618880,2534072,3
1767917005,/boot,4096,259584,160217,38
1767917005,/boot/efi,2048,51091,48041,6
1767917010,/,4096,9301568,6078578,35
1767917010,/var/oled,4096,2618880,2534072,3
1767917010,/boot,4096,259584,160217,38
1767917010,/boot/efi,2048,51091,48041,6
1767917015,/,4096,9301568,6078578,35
1767917015,/var/oled,4096,2618880,2534072,3
1767917015,/boot,4096,259584,160217,38
1767917015,/boot/efi,2048,51091,48041,6
1767917020,/,4096,9301568,6078584,35
1767917020,/var/oled,4096,2618880,2534072,3
1767917020,/boot,4096,259584,160217,38
1767917020,/boot/efi,2048,51091,48041,6
1767917025,/,4096,9301568,6078578,35
1767917025,/var/oled,4096,2618880,2534072,3
1767917025,/boot,4096,259584,160217,38
1767917025,/boot/efi,2048,51091,48041,6
1767917030,/,4096,9301568,6078583,35
1767917030,/var/oled,4096,2618880,2534072,3
1767917030,/boot,4096,259584,160217,38
1767917030,/boot/efi,2048,51091,48041,6
1767917035,/,4096,9301568,6078583,35
1767917035,/var/oled,4096,2618880,2534072,3
1767917035,/boot,4096,259584,160217,38
1767917035,/boot/efi,2048,51091,48041,6
1767917040,/,4096,9301568,6078583,35
1767917040,/var/oled,4096,2618880,2534072,3
1767917040,/boot,4096,259584,160217,38
1767917040,/boot/efi,2048,51091,48041,6
1767917045,/,4096,9301568,6078583,35
1767917045,/var/oled,4096,2618880,2534072,3
1767917045,/boot,4096,259584,160217,38
1767917045,/boot/efi,2048,51091,48041,6
1767917050,/,4096,9301568,6078583,35
1767917050,/var/oled,4096,2618880,2548444,3
1767917050,/boot,4096,259584,160217,38
1767917050,/boot/efi,2048,51091,48041,6
1767917055,/,4096,9301568,6078583,35
1767917055,/var/oled,4096,2618880,2544326,3
1767917055,/boot,4096,259584,160217,38
1767917055,/boot/efi,2048,51091,48041,6
1767917060,/,4096,9301568,6078519,35
1767917060,/var/oled,4096,2618880,2544326,3
1767917060,/boot,4096,259584,160217,38
1767917060,/boot/efi,2048,51091,48041,6
1767917065,/,4096,9301568,6078396,35
1767917065,/var/oled,4096,2618880,2544347,3
1767917065,/boot,4096,259584,160217,38
1767917065,/boot/efi,2048,51091,48041,6
1767917070,/,4096,9301568,6078401,35
1767917070,/var/oled,4096,2618880,2544347,3
1767917070,/boot,4096,259584,160217,38
1767917070,/boot/efi,2048,51091,48041,6
1767917075,/,4096,9301568,6078401,35
1767917075,/var/oled,4096,2618880,2544347,3
1767917075,/boot,4096,259584,160217,38
1767917075,/boot/efi,2048,51091,48041,6
1767917080,/,4096,9301568,6078401,35
1767917080,/var/oled,4096,2618880,2544347,3
1767917080,/boot,4096,259584,160217,38
1767917080,/boot/efi,2048,51091,48041,6
1767917085,/,4096,9301568,6078401,35
1767917085,/var/oled,4096,2618880,2544347,3
1767917085,/boot,4096,259584,160217,38
1767917085,/boot/efi,2048,51091,48041,6
1767917090,/,4096,9301568,6078401,35
1767917090,/var/oled,4096,2618880,2544347,3
1767917090,/boot,4096,259584,160217,38
1767917090,/boot/efi,2048,51091,48041,6
1767917095,/,4096,9301568,6078401,35
1767917095,/var/oled,4096,2618880,2544347,3
1767917095,/boot,4096,259584,160217,38
1767917095,/boot/efi,2048,51091,48041,6
1767917100,/,4096,9301568,6078401,35
1767917100,/var/oled,4096,2618880,2544347,3
1767917100,/boot,4096,259584,160217,38
1767917100,/boot/efi,2048,51091,48041,6
1767917105,/,4096,9301568,6078396,35
1767917105,/var/oled,4096,2618880,2544347,3
1767917105,/boot,4096,259584,160217,38
1767917105,/boot/efi,2048,51091,48041,6
1767917110,/,4096,9301568,6078364,35
1767917110,/var/oled,4096,2618880,2544347,3
1767917110,/boot,4096,259584,160217,38
1767917110,/boot/efi,2048,51091,48041,6
1767917115,/,4096,9301568,6078369,35
1767917115,/var/oled,4096,2618880,2544347,3
1767917115,/boot,4096,259584,160217,38
1767917115,/boot/efi,2048,51091,48041,6
1767917120,/,4096,9301568,6078369,35
1767917120,/var/oled,4096,2618880,2544347,3
1767917120,/boot,4096,259584,160217,38
1767917120,/boot/efi,2048,51091,48041,6
1767917125,/,4096,9301568,6078369,35
1767917125,/var/oled,4096,2618880,2544347,3
1767917125,/boot,4096,259584,160217,38
1767917125,/boot/efi,2048,51091,48041,6
1767917130,/,4096,9301568,6078369,35
1767917130,/var/oled,4096,2618880,2544347,3
1767917130,/boot,4096,259584,160217,38
1767917130,/boot/efi,2048,51091,48041,6
1767917135,/,4096,9301568,6078369,35
1767917135,/var/oled,4096,2618880,2544347,3
1767917135,/boot,4096,259584,160217,38
1767917135,/boot/efi,2048,51091,48041,6
1767917140,/,4096,9301568,6078369,35
1767917140,/var/oled,4096,2618880,2544347,3
1767917140,/boot,4096,259584,160217,38
1767917140,/boot/efi,2048,51091,48041,6
1767917145,/,4096,9301568,6078369,35
1767917145,/var/oled,4096,2618880,2544347,3
1767917145,/boot,4096,259584,160217,38
1767917145,/boot/efi,2048,51091,48041,6
1767917150,/,4096,9301568,6078369,35
1767917150,/var/oled,4096,2618880,2544347,3
1767917150,/boot,4096,259584,160217,38
1767917150,/boot/efi,2048,51091,48041,6
1767917155,/,4096,9301568,6078352,35
1767917155,/var/oled,4096,2618880,2544347,3
1767917155,/boot,4096,259584,160217,38
1767917155,/boot/efi,2048,51091,48041,6
1767917160,/,4096,9301568,6078352,35
1767917160,/var/oled,4096,2618880,2544347,3
1767917160,/boot,4096,259584,160217,38
1767917160,/boot/efi,2048,51091,48041,6
1767917165,/,4096,9301568,6078352,35
1767917165,/var/oled,4096,2618880,2544347,3
1767917165,/boot,4096,259584,160217,38
1767917165,/boot/efi,2048,51091,48041,6
1767917170,/,4096,9301568,6078352,35
1767917170,/var/oled,4096,2618880,2544347,3
1767917170,/boot,4096,259584,160217,38
1767917170,/boot/efi,2048,51091,48041,6
1767917175,/,4096,9301568,6078362,35
1767917175,/var/oled,4096,2618880,2544347,3
1767917175,/boot,4096,259584,160217,38
1767917175,/boot/efi,2048,51091,48041,6
1767917180,/,4096,9301568,6078362,35
1767917180,/var/oled,4096,2618880,2544347,3
1767917180,/boot,4096,259584,160217,38
1767917180,/boot/efi,2048,51091,48041,6
1767917185,/,4096,9301568,6078362,35
1767917185,/var/oled,4096,2618880,2544082,3
1767917185,/boot,4096,259584,160217,38
1767917185,/boot/efi,2048,51091,48041,6
1767917190,/,4096,9301568,6078362,35
1767917190,/var/oled,4096,2618880,2544082,3
1767917190,/boot,4096,259584,160217,38
1767917190,/boot/efi,2048,51091,48041,6
1767917195,/,4096,9301568,6078362,35
1767917195,/var/oled,4096,2618880,2544082,3
1767917195,/boot,4096,259584,160217,38
1767917195,/boot/efi,2048,51091,48041,6
1767917200,/,4096,9301568,6078362,35
1767917200,/var/oled,4096,2618880,2544082,3
1767917200,/boot,4096,259584,160217,38
1767917200,/boot/efi,2048,51091,48041,6
1767917205,/,4096,9301568,6078361,35
1767917205,/var/oled,4096,2618880,2544082,3
1767917205,/boot,4096,259584,160217,38
1767917205,/boot/efi,2048,51091,48041,6
1767917210,/,4096,9301568,6078361,35
1767917210,/var/oled,4096,2618880,2544082,3
1767917210,/boot,4096,259584,160217,38
1767917210,/boot/efi,2048,51091,48041,6
1767917215,/,4096,9301568,6078375,35
1767917215,/var/oled,4096,2618880,2544082,3
1767917215,/boot,4096,259584,160217,38
1767917215,/boot/efi,2048,51091,48041,6
1767917220,/,4096,9301568,6078360,35
1767917220,/var/oled,4096,2618880,2544088,3
1767917220,/boot,4096,259584,160217,38
1767917220,/boot/efi,2048,51091,48041,6
1767917225,/,4096,9301568,6078355,35
1767917225,/var/oled,4096,2618880,2544088,3
1767917225,/boot,4096,259584,160217,38
1767917225,/boot/efi,2048,51091,48041,6
1767917230,/,4096,9301568,6078355,35
1767917230,/var/oled,4096,2618880,2544088,3
1767917230,/boot,4096,259584,160217,38
1767917230,/boot/efi,2048,51091,48041,6
1767917235,/,4096,9301568,6078355,35
1767917235,/var/oled,4096,2618880,2544088,3
1767917235,/boot,4096,259584,160217,38
1767917235,/boot/efi,2048,51091,48041,6
1767917240,/,4096,9301568,6078355,35
1767917240,/var/oled,4096,2618880,2544088,3
1767917240,/boot,4096,259584,160217,38
1767917240,/boot/efi,2048,51091,48041,6
1767917245,/,4096,9301568,6078355,35
1767917245,/var/oled,4096,2618880,2544088,3
1767917245,/boot,4096,259584,160217,38
1767917245,/boot/efi,2048,51091,48041,6
1767917250,/,4096,9301568,6078349,35
1767917250,/var/oled,4096,2618880,2544088,3
1767917250,/boot,4096,259584,160217,38
1767917250,/boot/efi,2048,51091,48041,6
1767917255,/,4096,9301568,6078359,35
1767917255,/var/oled,4096,2618880,2544088,3
1767917255,/boot,4096,259584,160217,38
1767917255,/boot/efi,2048,51091,48041,6
1767917260,/,4096,9301568,6078359,35
1767917260,/var/oled,4096,2618880,2544088,3
1767917260,/boot,4096,259584,160217,38
1767917260,/boot/efi,2048,51091,48041,6
1767917265,/,4096,9301568,6078359,35
1767917265,/var/oled,4096,2618880,2544088,3
1767917265,/boot,4096,259584,160217,38
1767917265,/boot/efi,2048,51091,48041,6
1767917270,/,4096,9301568,6078359,35
1767917270,/var/oled,4096,2618880,2544088,3
1767917270,/boot,4096,259584,160217,38
1767917270,/boot/efi,2048,51091,48041,6
1767917275,/,4096,9301568,6078359,35
1767917275,/var/oled,4096,2618880,2544088,3
1767917275,/boot,4096,259584,160217,38
1767917275,/boot/efi,2048,51091,48041,6
1767917280,/,4096,9301568,6078357,35
1767917280,/var/oled,4096,2618880,2544088,3
1767917280,/boot,4096,259584,160217,38
1767917280,/boot/efi,2048,51091,48041,6
1767917285,/,4096,9301568,6078364,35
1767917285,/var/oled,4096,2618880,2544082,3
1767917285,/boot,4096,259584,160217,38
1767917285,/boot/efi,2048,51091,48041,6
1767917290,/,4096,9301568,6078359,35
1767917290,/var/oled,4096,2618880,2544082,3
1767917290,/boot,4096,259584,160217,38
1767917290,/boot/efi,2048,51091,48041,6
1767917295,/,4096,9301568,6078359,35
1767917295,/var/oled,4096,2618880,2544082,3
1767917295,/boot,4096,259584,160217,38
1767917295,/boot/efi,2048,51091,48041,6
1767917300,/,4096,9301568,6078359,35
1767917300,/var/oled,4096,2618880,2544082,3
1767917300,/boot,4096,259584,160217,38
1767917300,/boot/efi,2048,51091,48041,6
1767917305,/,4096,9301568,6078359,35
1767917305,/var/oled,4096,2618880,2544082,3
1767917305,/boot,4096,259584,160217,38
1767917305,/boot/efi,2048,51091,48041,6
1767917310,/,4096,9301568,6078359,35
1767917310,/var/oled,4096,2618880,2544082,3
1767917310,/boot,4096,259584,160217,38
1767917310,/boot/efi,2048,51091,48041,6
1767917315,/,4096,9301568,6078359,35
1767917315,/var/oled,4096,2618880,2544087,3
1767917315,/boot,4096,259584,160217,38
1767917315,/boot/efi,2048,51091,48041,6
1767917320,/,4096,9301568,6078231,35
1767917320,/var/oled,4096,2618880,2544087,3
1767917320,/boot,4096,259584,160217,38
1767917320,/boot/efi,2048,51091,48041,6
1767917325,/,4096,9301568,6078231,35
1767917325,/var/oled,4096,2618880,2544087,3
1767917325,/boot,4096,259584,160217,38
1767917325,/boot/efi,2048,51091,48041,6
1767917330,/,4096,9301568,6078231,35
1767917330,/var/oled,4096,2618880,2544087,3
1767917330,/boot,4096,259584,160217,38
1767917330,/boot/efi,2048,51091,48041,6
1767917335,/,4096,9301568,6078231,35
1767917335,/var/oled,4096,2618880,2544087,3
1767917335,/boot,4096,259584,160217,38
1767917335,/boot/efi,2048,51091,48041,6
1767917340,/,4096,9301568,6078231,35
1767917340,/var/oled,4096,2618880,2544087,3
1767917340,/boot,4096,259584,160217,38
1767917340,/boot/efi,2048,51091,48041,6
1767917345,/,4096,9301568,6078236,35
1767917345,/var/oled,4096,2618880,2544087,3
1767917345,/boot,4096,259584,160217,38
1767917345,/boot/efi,2048,51091,48041,6
1767917350,/,4096,9301568,6078236,35
1767917350,/var/oled,4096,2618880,2544087,3
1767917350,/boot,4096,259584,160217,38
1767917350,/boot/efi,2048,51091,48041,6
1767917355,/,4096,9301568,6078201,35
1767917355,/var/oled,4096,2618880,2544087,3
1767917355,/boot,4096,259584,160217,38
1767917355,/boot/efi,2048,51091,48041,6
1767917360,/,4096,9301568,6078201,35
1767917360,/var/oled,4096,2618880,2544087,3
1767917360,/boot,4096,259584,160217,38
1767917360,/boot/efi,2048,51091,48041,6
1767917365,/,4096,9301568,6078201,35
1767917365,/var/oled,4096,2618880,2544087,3
1767917365,/boot,4096,259584,160217,38
1767917365,/boot/efi,2048,51091,48041,6
1767917370,/,4096,9301568,6078201,35
1767917370,/var/oled,4096,2618880,2544087,3
1767917370,/boot,4096,259584,160217,38
1767917370,/boot/efi,2048,51091,48041,6
1767917375,/,4096,9301568,6078201,35
1767917375,/var/oled,4096,2618880,2544087,3
1767917375,/boot,4096,259584,160217,38
1767917375,/boot/efi,2048,51091,48041,6
1767917380,/,4096,9301568,6078207,35
1767917380,/var/oled,4096,2618880,2544087,3
1767917380,/boot,4096,259584,160217,38
1767917380,/boot/efi,2048,51091,48041,6
1767917385,/,4096,9301568,6078215,35
1767917385,/var/oled,4096,2618880,2544087,3
1767917385,/boot,4096,259584,160217,38
1767917385,/boot/efi,2048,51091,48041,6
1767917390,/,4096,9301568,6078215,35
1767917390,/var/oled,4096,2618880,2544087,3
1767917390,/boot,4096,259584,160217,38
1767917390,/boot/efi,2048,51091,48041,6
1767917395,/,4096,9301568,6078215,35
1767917395,/var/oled,4096,2618880,2544087,3
1767917395,/boot,4096,259584,160217,38
1767917395,/boot/efi,2048,51091,48041,6
1767917400,/,4096,9301568,6078207,35
1767917400,/var/oled,4096,2618880,2544087,3
1767917400,/boot,4096,259584,160217,38
1767917400,/boot/efi,2048,51091,48041,6
1767917405,/,4096,9301568,6078204,35
1767917405,/var/oled,4096,2618880,2545801,3
1767917405,/boot,4096,259584,160217,38
1767917405,/boot/efi,2048,51091,48041,6
1767917410,/,4096,9301568,6078204,35
1767917410,/var/oled,4096,2618880,2545801,3
1767917410,/boot,4096,259584,160217,38
1767917410,/boot/efi,2048,51091,48041,6
1767917415,/,4096,9301568,6078204,35
1767917415,/var/oled,4096,2618880,2545540,3
1767917415,/boot,4096,259584,160217,38
1767917415,/boot/efi,2048,51091,48041,6
1767917420,/,4096,9301568,6078204,35
1767917420,/var/oled,4096,2618880,2545540,3
1767917420,/boot,4096,259584,160217,38
1767917420,/boot/efi,2048,51091,48041,6
1767917425,/,4096,9301568,6078204,35
1767917425,/var/oled,4096,2618880,2545540,3
1767917425,/boot,4096,259584,160217,38
1767917425,/boot/efi,2048,51091,48041,6
1767917430,/,4096,9301568,6078204,35
1767917430,/var/oled,4096,2618880,2545540,3
1767917430,/boot,4096,259584,160217,38
1767917430,/boot/efi,2048,51091,48041,6
1767917435,/,4096,9301568,6078209,35
1767917435,/var/oled,4096,2618880,2545566,3
1767917435,/boot,4096,259584,160217,38
1767917435,/boot/efi,2048,51091,48041,6
1767917440,/,4096,9301568,6078214,35
1767917440,/var/oled,4096,2618880,2545566,3
1767917440,/boot,4096,259584,160217,38
1767917440,/boot/efi,2048,51091,48041,6
1767917445,/,4096,9301568,6078214,35
1767917445,/var/oled,4096,2618880,2545566,3
1767917445,/boot,4096,259584,160217,38
1767917445,/boot/efi,2048,51091,48041,6
1767917450,/,4096,9301568,6078214,35
1767917450,/var/oled,4096,2618880,2545566,3
1767917450,/boot,4096,259584,160217,38
1767917450,/boot/efi,2048,51091,48041,6
1767917455,/,4096,9301568,6078214,35
1767917455,/var/oled,4096,2618880,2545566,3
1767917455,/boot,4096,259584,160217,38
1767917455,/boot/efi,2048,51091,48041,6
1767917460,/,4096,9301568,6078214,35
1767917460,/var/oled,4096,2618880,2545566,3
1767917460,/boot,4096,259584,160217,38
1767917460,/boot/efi,2048,51091,48041,6
1767917465,/,4096,9301568,6078219,35
1767917465,/var/oled,4096,2618880,2544935,3
1767917465,/boot,4096,259584,160217,38
1767917465,/boot/efi,2048,51091,48041,6
1767917470,/,4096,9301568,6078219,35
1767917470,/var/oled,4096,2618880,2544935,3
1767917470,/boot,4096,259584,160217,38
1767917470,/boot/efi,2048,51091,48041,6
1767917475,/,4096,9301568,6078219,35
1767917475,/var/oled,4096,2618880,2544942,3
1767917475,/boot,4096,259584,160217,38
1767917475,/boot/efi,2048,51091,48041,6
1767917480,/,4096,9301568,6078219,35
1767917480,/var/oled,4096,2618880,2544942,3
1767917480,/boot,4096,259584,160217,38
1767917480,/boot/efi,2048,51091,48041,6
1767917485,/,4096,9301568,6078219,35
1767917485,/var/oled,4096,2618880,2544942,3
1767917485,/boot,4096,259584,160217,38
1767917485,/boot/efi,2048,51091,48041,6
1767917490,/,4096,9301568,6078219,35
1767917490,/var/oled,4096,2618880,2544942,3
1767917490,/boot,4096,259584,160217,38
1767917490,/boot/efi,2048,51091,48041,6
1767917495,/,4096,9301568,6078219,35
1767917495,/var/oled,4096,2618880,2544942,3
1767917495,/boot,4096,259584,160217,38
1767917495,/boot/efi,2048,51091,48041,6
1767917500,/,4096,9301568,6078219,35
1767917500,/var/oled,4096,2618880,2544942,3
1767917500,/boot,4096,259584,160217,38
1767917500,/boot/efi,2048,51091,48041,6
1767917505,/,4096,9301568,6078219,35
1767917505,/var/oled,4096,2618880,2544942,3
1767917505,/boot,4096,259584,160217,38
1767917505,/boot/efi,2048,51091,48041,6
1767917510,/,4096,9301568,6078219,35
1767917510,/var/oled,4096,2618880,2544942,3
1767917510,/boot,4096,259584,160217,38
1767917510,/boot/efi,2048,51091,48041,6
1767917515,/,4096,9301568,6078219,35
1767917515,/var/oled,4096,2618880,2544942,3
1767917515,/boot,4096,259584,160217,38
1767917515,/boot/efi,2048,51091,48041,6
1767917520,/,4096,9301568,6078219,35
1767917520,/var/oled,4096,2618880,2544942,3
1767917520,/boot,4096,259584,160217,38
1767917520,/boot/efi,2048,51091,48041,6
1767917525,/,4096,9301568,6078219,35
1767917525,/var/oled,4096,2618880,2544942,3
1767917525,/boot,4096,259584,160217,38
1767917525,/boot/efi,2048,51091,48041,6
1767917530,/,4096,9301568,6078214,35
1767917530,/var/oled,4096,2618880,2544942,3
1767917530,/boot,4096,259584,160217,38
1767917530,/boot/efi,2048,51091,48041,6
1767917535,/,4096,9301568,6078223,35
1767917535,/var/oled,4096,2618880,2544942,3
1767917535,/boot,4096,259584,160217,38
1767917535,/boot/efi,2048,51091,48041,6
1767917540,/,4096,9301568,6078223,35
1767917540,/var/oled,4096,2618880,2544942,3
1767917540,/boot,4096,259584,160217,38
1767917540,/boot/efi,2048,51091,48041,6
1767917545,/,4096,9301568,6078223,35
1767917545,/var/oled,4096,2618880,2544942,3
1767917545,/boot,4096,259584,160217,38
1767917545,/boot/efi,2048,51091,48041,6
1767917550,/,4096,9301568,6078223,35
1767917550,/var/oled,4096,2618880,2544942,3
1767917550,/boot,4096,259584,160217,38
1767917550,/boot/efi,2048,51091,48041,6
1767917555,/,4096,9301568,6078223,35
1767917555,/var/oled,4096,2618880,2543854,3
1767917555,/boot,4096,259584,160217,38
1767917555,/boot/efi,2048,51091,48041,6
1767917560,/,4096,9301568,6078228,35
1767917560,/var/oled,4096,2618880,2543854,3
1767917560,/boot,4096,259584,160217,38
1767917560,/boot/efi,2048,51091,48041,6
1767917565,/,4096,9301568,6078228,35
1767917565,/var/oled,4096,2618880,2543854,3
1767917565,/boot,4096,259584,160217,38
1767917565,/boot/efi,2048,51091,48041,6
1767917570,/,4096,9301568,6078228,35
1767917570,/var/oled,4096,2618880,2543854,3
1767917570,/boot,4096,259584,160217,38
1767917570,/boot/efi,2048,51091,48041,6
1767917575,/,4096,9301568,6078228,35
1767917575,/var/oled,4096,2618880,2543854,3
1767917575,/boot,4096,259584,160217,38
1767917575,/boot/efi,2048,51091,48041,6
1767917580,/,4096,9301568,6078228,35
1767917580,/var/oled,4096,2618880,2543854,3
1767917580,/boot,4096,259584,160217,38
1767917580,/boot/efi,2048,51091,48041,6
1767917585,/,4096,9301568,6078228,35
1767917585,/var/oled,4096,2618880,2543854,3
1767917585,/boot,4096,259584,160217,38
1767917585,/boot/efi,2048,51091,48041,6
1767917590,/,4096,9301568,6078228,35
1767917590,/var/oled,4096,2618880,2543854,3
1767917590,/boot,4096,259584,160217,38
1767917590,/boot/efi,2048,51091,48041,6
1767917595,/,4096,9301568,6078228,35
1767917595,/var/oled,4096,2618880,2543854,3
1767917595,/boot,4096,259584,160217,38
1767917595,/boot/efi,2048,51091,48041,6
1767917600,/,4096,9301568,6078228,35
1767917600,/var/oled,4096,2618880,2543854,3
1767917600,/boot,4096,259584,160217,38
1767917600,/boot/efi,2048,51091,48041,6
1767917605,/,4096,9301568,6078228,35
1767917605,/var/oled,4096,2618880,2543854,3
1767917605,/boot,4096,259584,160217,38
1767917605,/boot/efi,2048,51091,48041,6
1767917610,/,4096,9301568,6078228,35
1767917610,/var/oled,4096,2618880,2543854,3
1767917610,/boot,4096,259584,160217,38
1767917610,/boot/efi,2048,51091,48041,6
1767917615,/,4096,9301568,6078228,35
1767917615,/var/oled,4096,2618880,2543854,3
1767917615,/boot,4096,259584,160217,38
1767917615,/boot/efi,2048,51091,48041,6
1767917620,/,4096,9301568,6078228,35
1767917620,/var/oled,4096,2618880,2543854,3
1767917620,/boot,4096,259584,160217,38
1767917620,/boot/efi,2048,51091,48041,6
1767917625,/,4096,9301568,6078228,35
1767917625,/var/oled,4096,2618880,2543854,3
1767917625,/boot,4096,259584,160217,38
1767917625,/boot/efi,2048,51091,48041,6
1767917630,/,4096,9301568,6078223,35
1767917630,/var/oled,4096,2618880,2543854,3
1767917630,/boot,4096,259584,160217,38
1767917630,/boot/efi,2048,51091,48041,6
1767917635,/,4096,9301568,6078223,35
1767917635,/var/oled,4096,2618880,2543854,3
1767917635,/boot,4096,259584,160217,38
1767917635,/boot/efi,2048,51091,48041,6
1767917640,/,4096,9301568,6078230,35
1767917640,/var/oled,4096,2618880,2543854,3
1767917640,/boot,4096,259584,160217,38
1767917640,/boot/efi,2048,51091,48041,6
1767917645,/,4096,9301568,6078230,35
1767917645,/var/oled,4096,2618880,2543854,3
1767917645,/boot,4096,259584,160217,38
1767917645,/boot/efi,2048,51091,48041,6
