#timestamp,mount,blocksize,blockstotal,blocksavail,use
1767813021,/,4096,7574544,6700895,12
1767813021,/boot/efi,512,213663,201276,6
1767813021,/mnt,4096,1011128,954622,6
1767813026,/,4096,7574544,6700894,12
1767813026,/boot/efi,512,213663,201276,6
1767813026,/mnt,4096,1011128,954622,6
1767813031,/,4096,7574544,6700893,12
1767813031,/boot/efi,512,213663,201276,6
1767813031,/mnt,4096,1011128,954622,6
1767813036,/,4096,7574544,6700892,12
1767813036,/boot/efi,512,213663,201276,6
1767813036,/mnt,4096,1011128,954622,6
1767813041,/,4096,7574544,6700891,12
1767813041,/boot/efi,512,213663,201276,6
1767813041,/mnt,4096,1011128,954622,6
1767813046,/,4096,7574544,6700890,12
1767813046,/boot/efi,512,213663,201276,6
1767813046,/mnt,4096,1011128,954622,6
1767813051,/,4096,7574544,6700886,12
1767813051,/boot/efi,512,213663,201276,6
1767813051,/mnt,4096,1011128,954622,6
1767813056,/,4096,7574544,6700884,12
1767813056,/boot/efi,512,213663,201276,6
1767813056,/mnt,4096,1011128,954622,6
1767813061,/,4096,7574544,6700883,12
1767813061,/boot/efi,512,213663,201276,6
1767813061,/mnt,4096,1011128,954622,6
1767813066,/,4096,7574544,6700882,12
1767813066,/boot/efi,512,213663,201276,6
1767813066,/mnt,4096,1011128,954622,6
1767813071,/,4096,7574544,6700881,12
1767813071,/boot/efi,512,213663,201276,6
1767813071,/mnt,4096,1011128,954622,6
1767813076,/,4096,7574544,6700880,12
1767813076,/boot/efi,512,213663,201276,6
1767813076,/mnt,4096,1011128,954622,6
1767813081,/,4096,7574544,6700879,12
1767813081,/boot/efi,512,213663,201276,6
1767813081,/mnt,4096,1011128,954622,6
1767813086,/,4096,7574544,6700877,12
1767813086,/boot/efi,512,213663,201276,6
1767813086,/mnt,4096,1011128,954622,6
1767813091,/,4096,7574544,6700876,12
1767813091,/boot/efi,512,213663,201276,6
1767813091,/mnt,4096,1011128,954622,6
1767813096,/,4096,7574544,6700875,12
1767813096,/boot/efi,512,213663,201276,6
1767813096,/mnt,4096,1011128,954622,6
1767813101,/,4096,7574544,6700874,12
1767813101,/boot/efi,512,213663,201276,6
1767813101,/mnt,4096,1011128,954622,6
1767813106,/,4096,7574544,6700873,12
1767813106,/boot/efi,512,213663,201276,6
1767813106,/mnt,4096,1011128,954622,6
1767813111,/,4096,7574544,6700872,12
1767813111,/boot/efi,512,213663,201276,6
1767813111,/mnt,4096,1011128,954622,6
1767813116,/,4096,7574544,6700871,12
1767813116,/boot/efi,512,213663,201276,6
1767813116,/mnt,4096,1011128,954622,6
1767813121,/,4096,7574544,6700870,12
1767813121,/boot/efi,512,213663,201276,6
1767813121,/mnt,4096,1011128,954622,6
1767813126,/,4096,7574544,6700868,12
1767813126,/boot/efi,512,213663,201276,6
1767813126,/mnt,4096,1011128,954622,6
1767813131,/,4096,7574544,6700867,12
1767813131,/boot/efi,512,213663,201276,6
1767813131,/mnt,4096,1011128,954622,6
1767813136,/,4096,7574544,6700866,12
1767813136,/boot/efi,512,213663,201276,6
1767813136,/mnt,4096,1011128,954622,6
1767813141,/,4096,7574544,6700865,12
1767813141,/boot/efi,512,213663,201276,6
1767813141,/mnt,4096,1011128,954622,6
1767813146,/,4096,7574544,6700864,12
1767813146,/boot/efi,512,213663,201276,6
1767813146,/mnt,4096,1011128,954622,6
1767813151,/,4096,7574544,6700863,12
1767813151,/boot/efi,512,213663,201276,6
1767813151,/mnt,4096,1011128,954622,6
1767813156,/,4096,7574544,6700861,12
1767813156,/boot/efi,512,213663,201276,6
1767813156,/mnt,4096,1011128,954622,6
1767813161,/,4096,7574544,6700859,12
1767813161,/boot/efi,512,213663,201276,6
1767813161,/mnt,4096,1011128,954622,6
1767813166,/,4096,7574544,6700858,12
1767813166,/boot/efi,512,213663,201276,6
1767813166,/mnt,4096,1011128,954622,6
1767813171,/,4096,7574544,6700857,12
1767813171,/boot/efi,512,213663,201276,6
1767813171,/mnt,4096,1011128,954622,6
1767813176,/,4096,7574544,6700856,12
1767813176,/boot/efi,512,213663,201276,6
1767813176,/mnt,4096,1011128,954622,6
1767813181,/,4096,7574544,6700855,12
1767813181,/boot/efi,512,213663,201276,6
1767813181,/mnt,4096,1011128,954622,6
1767813186,/,4096,7574544,6700854,12
1767813186,/boot/efi,512,213663,201276,6
1767813186,/mnt,4096,1011128,954622,6
1767813191,/,4096,7574544,6700853,12
1767813191,/boot/efi,512,213663,201276,6
1767813191,/mnt,4096,1011128,954622,6
1767813196,/,4096,7574544,6700851,12
1767813196,/boot/efi,512,213663,201276,6
1767813196,/mnt,4096,1011128,954622,6
1767813201,/,4096,7574544,6700850,12
1767813201,/boot/efi,512,213663,201276,6
1767813201,/mnt,4096,1011128,954622,6
1767813206,/,4096,7574544,6700849,12
1767813206,/boot/efi,512,213663,201276,6
1767813206,/mnt,4096,1011128,954622,6
1767813211,/,4096,7574544,6700848,12
1767813211,/boot/efi,512,213663,201276,6
1767813211,/mnt,4096,1011128,954622,6
1767813216,/,4096,7574544,6700847,12
1767813216,/boot/efi,512,213663,201276,6
1767813216,/mnt,4096,1011128,954622,6
1767813221,/,4096,7574544,6700846,12
1767813221,/boot/efi,512,213663,201276,6
1767813221,/mnt,4096,1011128,954622,6
1767813226,/,4096,7574544,6700845,12
1767813226,/boot/efi,512,213663,201276,6
1767813226,/mnt,4096,1011128,954622,6
1767813231,/,4096,7574544,6700844,12
1767813231,/boot/efi,512,213663,201276,6
1767813231,/mnt,4096,1011128,954622,6
1767813236,/,4096,7574544,6700842,12
1767813236,/boot/efi,512,213663,201276,6
1767813236,/mnt,4096,1011128,954622,6
1767813241,/,4096,7574544,6700841,12
1767813241,/boot/efi,512,213663,201276,6
1767813241,/mnt,4096,1011128,954622,6
1767813246,/,4096,7574544,6700840,12
1767813246,/boot/efi,512,213663,201276,6
1767813246,/mnt,4096,1011128,954622,6
1767813251,/,4096,7574544,6700839,12
1767813251,/boot/efi,512,213663,201276,6
1767813251,/mnt,4096,1011128,954622,6
1767813256,/,4096,7574544,6700838,12
1767813256,/boot/efi,512,213663,201276,6
1767813256,/mnt,4096,1011128,954622,6
1767813261,/,4096,7574544,6700837,12
1767813261,/boot/efi,512,213663,201276,6
1767813261,/mnt,4096,1011128,954622,6
1767813266,/,4096,7574544,6700836,12
1767813266,/boot/efi,512,213663,201276,6
1767813266,/mnt,4096,1011128,954622,6
1767813271,/,4096,7574544,6700834,12
1767813271,/boot/efi,512,213663,201276,6
1767813271,/mnt,4096,1011128,954622,6
1767813276,/,4096,7574544,6700833,12
1767813276,/boot/efi,512,213663,201276,6
1767813276,/mnt,4096,1011128,954622,6
1767813281,/,4096,7574544,6700832,12
1767813281,/boot/efi,512,213663,201276,6
1767813281,/mnt,4096,1011128,954622,6
1767813286,/,4096,7574544,6700831,12
1767813286,/boot/efi,512,213663,201276,6
1767813286,/mnt,4096,1011128,954622,6
1767813291,/,4096,7574544,6700824,12
1767813291,/boot/efi,512,213663,201276,6
1767813291,/mnt,4096,1011128,954622,6
1767813296,/,4096,7574544,6700823,12
1767813296,/boot/efi,512,213663,201276,6
1767813296,/mnt,4096,1011128,954622,6
1767813301,/,4096,7574544,6700828,12
1767813301,/boot/efi,512,213663,201276,6
1767813301,/mnt,4096,1011128,954622,6
1767813306,/,4096,7574544,6700825,12
1767813306,/boot/efi,512,213663,201276,6
1767813306,/mnt,4096,1011128,954622,6
1767813311,/,4096,7574544,6700824,12
1767813311,/boot/efi,512,213663,201276,6
1767813311,/mnt,4096,1011128,954622,6
1767813316,/,4096,7574544,6700823,12
1767813316,/boot/efi,512,213663,201276,6
1767813316,/mnt,4096,1011128,954622,6
1767813321,/,4096,7574544,6700822,12
1767813321,/boot/efi,512,213663,201276,6
1767813321,/mnt,4096,1011128,954622,6
1767813326,/,4096,7574544,6700821,12
1767813326,/boot/efi,512,213663,201276,6
1767813326,/mnt,4096,1011128,954622,6
1767813331,/,4096,7574544,6700820,12
1767813331,/boot/efi,512,213663,201276,6
1767813331,/mnt,4096,1011128,954622,6
1767813336,/,4096,7574544,6700819,12
1767813336,/boot/efi,512,213663,201276,6
1767813336,/mnt,4096,1011128,954622,6
1767813341,/,4096,7574544,6700818,12
1767813341,/boot/efi,512,213663,201276,6
1767813341,/mnt,4096,1011128,954622,6
1767813346,/,4096,7574544,6700816,12
1767813346,/boot/efi,512,213663,201276,6
1767813346,/mnt,4096,1011128,954622,6
1767813351,/,4096,7574544,6700815,12
1767813351,/boot/efi,512,213663,201276,6
1767813351,/mnt,4096,1011128,954622,6
1767813356,/,4096,7574544,6700814,12
1767813356,/boot/efi,512,213663,201276,6
1767813356,/mnt,4096,1011128,954622,6
1767813361,/,4096,7574544,6700813,12
1767813361,/boot/efi,512,213663,201276,6
1767813361,/mnt,4096,1011128,954622,6
1767813366,/,4096,7574544,6700812,12
1767813366,/boot/efi,512,213663,201276,6
1767813366,/mnt,4096,1011128,954622,6
1767813371,/,4096,7574544,6700811,12
1767813371,/boot/efi,512,213663,201276,6
1767813371,/mnt,4096,1011128,954622,6
1767813376,/,4096,7574544,6700810,12
1767813376,/boot/efi,512,213663,201276,6
1767813376,/mnt,4096,1011128,954622,6
1767813381,/,4096,7574544,6700808,12
1767813381,/boot/efi,512,213663,201276,6
1767813381,/mnt,4096,1011128,954622,6
1767813386,/,4096,7574544,6700807,12
1767813386,/boot/efi,512,213663,201276,6
1767813386,/mnt,4096,1011128,954622,6
1767813391,/,4096,7574544,6700806,12
1767813391,/boot/efi,512,213663,201276,6
1767813391,/mnt,4096,1011128,954622,6
1767813396,/,4096,7574544,6700805,12
1767813396,/boot/efi,512,213663,201276,6
1767813396,/mnt,4096,1011128,954622,6
1767813401,/,4096,7574544,6700804,12
1767813401,/boot/efi,512,213663,201276,6
1767813401,/mnt,4096,1011128,954622,6
1767813406,/,4096,7574544,6700803,12
1767813406,/boot/efi,512,213663,201276,6
1767813406,/mnt,4096,1011128,954622,6
1767813411,/,4096,7574544,6700802,12
1767813411,/boot/efi,512,213663,201276,6
1767813411,/mnt,4096,1011128,954622,6
1767813416,/,4096,7574544,6700800,12
1767813416,/boot/efi,512,213663,201276,6
1767813416,/mnt,4096,1011128,954622,6
1767813421,/,4096,7574544,6700798,12
1767813421,/boot/efi,512,213663,201276,6
1767813421,/mnt,4096,1011128,954622,6
1767813426,/,4096,7574544,6700797,12
1767813426,/boot/efi,512,213663,201276,6
1767813426,/mnt,4096,1011128,954622,6
1767813431,/,4096,7574544,6700796,12
1767813431,/boot/efi,512,213663,201276,6
1767813431,/mnt,4096,1011128,954622,6
1767813436,/,4096,7574544,6700795,12
1767813436,/boot/efi,512,213663,201276,6
1767813436,/mnt,4096,1011128,954622,6
1767813441,/,4096,7574544,6700794,12
1767813441,/boot/efi,512,213663,201276,6
1767813441,/mnt,4096,1011128,954622,6
1767813446,/,4096,7574544,6700793,12
1767813446,/boot/efi,512,213663,201276,6
1767813446,/mnt,4096,1011128,954622,6
1767813451,/,4096,7574544,6700792,12
1767813451,/boot/efi,512,213663,201276,6
1767813451,/mnt,4096,1011128,954622,6
1767813456,/,4096,7574544,6700790,12
1767813456,/boot/efi,512,213663,201276,6
1767813456,/mnt,4096,1011128,954622,6
1767813461,/,4096,7574544,6700789,12
1767813461,/boot/efi,512,213663,201276,6
1767813461,/mnt,4096,1011128,954622,6
1767813466,/,4096,7574544,6700788,12
1767813466,/boot/efi,512,213663,201276,6
1767813466,/mnt,4096,1011128,954622,6
1767813471,/,4096,7574544,6700787,12
1767813471,/boot/efi,512,213663,201276,6
1767813471,/mnt,4096,1011128,954622,6
1767813476,/,4096,7574544,6700786,12
1767813476,/boot/efi,512,213663,201276,6
1767813476,/mnt,4096,1011128,954622,6
1767813481,/,4096,7574544,6700785,12
1767813481,/boot/efi,512,213663,201276,6
1767813481,/mnt,4096,1011128,954622,6
1767813486,/,4096,7574544,6700784,12
1767813486,/boot/efi,512,213663,201276,6
1767813486,/mnt,4096,1011128,954622,6
1767813491,/,4096,7574544,6700782,12
1767813491,/boot/efi,512,213663,201276,6
1767813491,/mnt,4096,1011128,954622,6
1767813496,/,4096,7574544,6700781,12
1767813496,/boot/efi,512,213663,201276,6
1767813496,/mnt,4096,1011128,954622,6
1767813501,/,4096,7574544,6700780,12
1767813501,/boot/efi,512,213663,201276,6
1767813501,/mnt,4096,1011128,954622,6
1767813506,/,4096,7574544,6700779,12
1767813506,/boot/efi,512,213663,201276,6
1767813506,/mnt,4096,1011128,954622,6
1767813511,/,4096,7574544,6700778,12
1767813511,/boot/efi,512,213663,201276,6
1767813511,/mnt,4096,1011128,954622,6
1767813516,/,4096,7574544,6700777,12
1767813516,/boot/efi,512,213663,201276,6
1767813516,/mnt,4096,1011128,954622,6
1767813521,/,4096,7574544,6700776,12
1767813521,/boot/efi,512,213663,201276,6
1767813521,/mnt,4096,1011128,954622,6
1767813526,/,4096,7574544,6700774,12
1767813526,/boot/efi,512,213663,201276,6
1767813526,/mnt,4096,1011128,954622,6
1767813531,/,4096,7574544,6700773,12
1767813531,/boot/efi,512,213663,201276,6
1767813531,/mnt,4096,1011128,954622,6
1767813536,/,4096,7574544,6700772,12
1767813536,/boot/efi,512,213663,201276,6
1767813536,/mnt,4096,1011128,954622,6
1767813541,/,4096,7574544,6700771,12
1767813541,/boot/efi,512,213663,201276,6
1767813541,/mnt,4096,1011128,954622,6
1767813546,/,4096,7574544,6700770,12
1767813546,/boot/efi,512,213663,201276,6
1767813546,/mnt,4096,1011128,954622,6
1767813551,/,4096,7574544,6700769,12
1767813551,/boot/efi,512,213663,201276,6
1767813551,/mnt,4096,1011128,954622,6
1767813556,/,4096,7574544,6700768,12
1767813556,/boot/efi,512,213663,201276,6
1767813556,/mnt,4096,1011128,954622,6
1767813561,/,4096,7574544,6700767,12
1767813561,/boot/efi,512,213663,201276,6
1767813561,/mnt,4096,1011128,954622,6
1767813566,/,4096,7574544,6700764,12
1767813566,/boot/efi,512,213663,201276,6
1767813566,/mnt,4096,1011128,954622,6
1767813571,/,4096,7574544,6700763,12
1767813571,/boot/efi,512,213663,201276,6
1767813571,/mnt,4096,1011128,954622,6
1767813576,/,4096,7574544,6700762,12
1767813576,/boot/efi,512,213663,201276,6
1767813576,/mnt,4096,1011128,954622,6
1767813581,/,4096,7574544,6700761,12
1767813581,/boot/efi,512,213663,201276,6
1767813581,/mnt,4096,1011128,954622,6
1767813586,/,4096,7574544,6700760,12
1767813586,/boot/efi,512,213663,201276,6
1767813586,/mnt,4096,1011128,954622,6
1767813591,/,4096,7574544,6700753,12
1767813591,/boot/efi,512,213663,201276,6
1767813591,/mnt,4096,1011128,954622,6
1767813596,/,4096,7574544,6700751,12
1767813596,/boot/efi,512,213663,201276,6
1767813596,/mnt,4096,1011128,954622,6
1767813601,/,4096,7574544,6700754,12
1767813601,/boot/efi,512,213663,201276,6
1767813601,/mnt,4096,1011128,954622,6
1767813606,/,4096,7574544,6700753,12
1767813606,/boot/efi,512,213663,201276,6
1767813606,/mnt,4096,1011128,954622,6
1767813611,/,4096,7574544,6700752,12
1767813611,/boot/efi,512,213663,201276,6
1767813611,/mnt,4096,1011128,954622,6
1767813616,/,4096,7574544,6700751,12
1767813616,/boot/efi,512,213663,201276,6
1767813616,/mnt,4096,1011128,954622,6
1767813621,/,4096,7574544,6700750,12
1767813621,/boot/efi,512,213663,201276,6
1767813621,/mnt,4096,1011128,954622,6
1767813626,/,4096,7574544,6700748,12
1767813626,/boot/efi,512,213663,201276,6
1767813626,/mnt,4096,1011128,954622,6
1767813631,/,4096,7574544,6700747,12
1767813631,/boot/efi,512,213663,201276,6
1767813631,/mnt,4096,1011128,954622,6
1767813636,/,4096,7574544,6700745,12
1767813636,/boot/efi,512,213663,201276,6
1767813636,/mnt,4096,1011128,954622,6
1767813641,/,4096,7574544,6700744,12
1767813641,/boot/efi,512,213663,201276,6
1767813641,/mnt,4096,1011128,954622,6
1767813646,/,4096,7574544,6700743,12
1767813646,/boot/efi,512,213663,201276,6
1767813646,/mnt,4096,1011128,954622,6
1767813651,/,4096,7574544,6700742,12
1767813651,/boot/efi,512,213663,201276,6
1767813651,/mnt,4096,1011128,954622,6
1767813656,/,4096,7574544,6700741,12
1767813656,/boot/efi,512,213663,201276,6
1767813656,/mnt,4096,1011128,954622,6
1767813661,/,4096,7574544,6700741,12
1767813661,/boot/efi,512,213663,201276,6
1767813661,/mnt,4096,1011128,954622,6
1767813666,/,4096,7574544,6700740,12
1767813666,/boot/efi,512,213663,201276,6
1767813666,/mnt,4096,1011128,954622,6
