#timestamp,mount,blocksize,blockstotal,blocksavail,use
1767829434,/,4096,7466684,6506412,13
1767829434,/boot,4096,259584,230628,11
1767829434,/boot/efi,8192,65500,65118,1
1767829434,/mnt,4096,2038135,1929201,5
1767829439,/,4096,7466684,6506411,13
1767829439,/boot,4096,259584,230628,11
1767829439,/boot/efi,8192,65500,65118,1
1767829439,/mnt,4096,2038135,1929201,5
1767829444,/,4096,7466684,6506410,13
1767829444,/boot,4096,259584,230628,11
1767829444,/boot/efi,8192,65500,65118,1
1767829444,/mnt,4096,2038135,1929201,5
1767829449,/,4096,7466684,6506409,13
1767829449,/boot,4096,259584,230628,11
1767829449,/boot/efi,8192,65500,65118,1
1767829449,/mnt,4096,2038135,1929201,5
1767829454,/,4096,7466684,6506418,13
1767829454,/boot,4096,259584,230628,11
1767829454,/boot/efi,8192,65500,65118,1
1767829454,/mnt,4096,2038135,1929201,5
1767829459,/,4096,7466684,6506422,13
1767829459,/boot,4096,259584,230628,11
1767829459,/boot/efi,8192,65500,65118,1
1767829459,/mnt,4096,2038135,1929201,5
1767829464,/,4096,7466684,6506416,13
1767829464,/boot,4096,259584,230628,11
1767829464,/boot/efi,8192,65500,65118,1
1767829464,/mnt,4096,2038135,1929201,5
1767829469,/,4096,7466684,6506414,13
1767829469,/boot,4096,259584,230628,11
1767829469,/boot/efi,8192,65500,65118,1
1767829469,/mnt,4096,2038135,1929201,5
1767829474,/,4096,7466684,6506413,13
1767829474,/boot,4096,259584,230628,11
1767829474,/boot/efi,8192,65500,65118,1
1767829474,/mnt,4096,2038135,1929201,5
1767829479,/,4096,7466684,6506412,13
1767829479,/boot,4096,259584,230628,11
1767829479,/boot/efi,8192,65500,65118,1
1767829479,/mnt,4096,2038135,1929201,5
1767829484,/,4096,7466684,6506411,13
1767829484,/boot,4096,259584,230628,11
1767829484,/boot/efi,8192,65500,65118,1
1767829484,/mnt,4096,2038135,1929201,5
1767829489,/,4096,7466684,6506410,13
1767829489,/boot,4096,259584,230628,11
1767829489,/boot/efi,8192,65500,65118,1
1767829489,/mnt,4096,2038135,1929201,5
1767829494,/,4096,7466684,6506414,13
1767829494,/boot,4096,259584,230628,11
1767829494,/boot/efi,8192,65500,65118,1
1767829494,/mnt,4096,2038135,1929201,5
1767829499,/,4096,7466684,6506393,13
1767829499,/boot,4096,259584,230628,11
1767829499,/boot/efi,8192,65500,65118,1
1767829499,/mnt,4096,2038135,1929201,5
1767829504,/,4096,7466684,6506393,13
1767829504,/boot,4096,259584,230628,11
1767829504,/boot/efi,8192,65500,65118,1
1767829504,/mnt,4096,2038135,1929201,5
1767829509,/,4096,7466684,6506393,13
1767829509,/boot,4096,259584,230628,11
1767829509,/boot/efi,8192,65500,65118,1
1767829509,/mnt,4096,2038135,1929201,5
1767829514,/,4096,7466684,6506393,13
1767829514,/boot,4096,259584,230628,11
1767829514,/boot/efi,8192,65500,65118,1
1767829514,/mnt,4096,2038135,1929201,5
1767829519,/,4096,7466684,6506393,13
1767829519,/boot,4096,259584,230628,11
1767829519,/boot/efi,8192,65500,65118,1
1767829519,/mnt,4096,2038135,1929201,5
1767829524,/,4096,7466684,6506393,13
1767829524,/boot,4096,259584,230628,11
1767829524,/boot/efi,8192,65500,65118,1
1767829524,/mnt,4096,2038135,1929201,5
1767829529,/,4096,7466684,6506398,13
1767829529,/boot,4096,259584,230628,11
1767829529,/boot/efi,8192,65500,65118,1
1767829529,/mnt,4096,2038135,1929201,5
1767829534,/,4096,7466684,6506398,13
1767829534,/boot,4096,259584,230628,11
1767829534,/boot/efi,8192,65500,65118,1
1767829534,/mnt,4096,2038135,1929201,5
1767829539,/,4096,7466684,6506398,13
1767829539,/boot,4096,259584,230628,11
1767829539,/boot/efi,8192,65500,65118,1
1767829539,/mnt,4096,2038135,1929201,5
1767829544,/,4096,7466684,6506398,13
1767829544,/boot,4096,259584,230628,11
1767829544,/boot/efi,8192,65500,65118,1
1767829544,/mnt,4096,2038135,1929201,5
1767829549,/,4096,7466684,6506398,13
1767829549,/boot,4096,259584,230628,11
1767829549,/boot/efi,8192,65500,65118,1
1767829549,/mnt,4096,2038135,1929201,5
1767829554,/,4096,7466684,6506398,13
1767829554,/boot,4096,259584,230628,11
1767829554,/boot/efi,8192,65500,65118,1
1767829554,/mnt,4096,2038135,1929201,5
1767829559,/,4096,7466684,6506398,13
1767829559,/boot,4096,259584,230628,11
1767829559,/boot/efi,8192,65500,65118,1
1767829559,/mnt,4096,2038135,1929201,5
1767829564,/,4096,7466684,6506392,13
1767829564,/boot,4096,259584,230628,11
1767829564,/boot/efi,8192,65500,65118,1
1767829564,/mnt,4096,2038135,1929201,5
1767829569,/,4096,7466684,6506355,13
1767829569,/boot,4096,259584,230628,11
1767829569,/boot/efi,8192,65500,65118,1
1767829569,/mnt,4096,2038135,1929201,5
1767829574,/,4096,7466684,6506355,13
1767829574,/boot,4096,259584,230628,11
1767829574,/boot/efi,8192,65500,65118,1
1767829574,/mnt,4096,2038135,1929201,5
1767829579,/,4096,7466684,6506355,13
1767829579,/boot,4096,259584,230628,11
1767829579,/boot/efi,8192,65500,65118,1
1767829579,/mnt,4096,2038135,1929201,5
1767829584,/,4096,7466684,6506355,13
1767829584,/boot,4096,259584,230628,11
1767829584,/boot/efi,8192,65500,65118,1
1767829584,/mnt,4096,2038135,1929201,5
1767829589,/,4096,7466684,6506355,13
1767829589,/boot,4096,259584,230628,11
1767829589,/boot/efi,8192,65500,65118,1
1767829589,/mnt,4096,2038135,1929201,5
1767829594,/,4096,7466684,6506360,13
1767829594,/boot,4096,259584,230628,11
1767829594,/boot/efi,8192,65500,65118,1
1767829594,/mnt,4096,2038135,1929201,5
1767829599,/,4096,7466684,6506365,13
1767829599,/boot,4096,259584,230628,11
1767829599,/boot/efi,8192,65500,65118,1
1767829599,/mnt,4096,2038135,1929201,5
1767829604,/,4096,7466684,6506365,13
1767829604,/boot,4096,259584,230628,11
1767829604,/boot/efi,8192,65500,65118,1
1767829604,/mnt,4096,2038135,1929201,5
1767829609,/,4096,7466684,6506365,13
1767829609,/boot,4096,259584,230628,11
1767829609,/boot/efi,8192,65500,65118,1
1767829609,/mnt,4096,2038135,1929201,5
1767829614,/,4096,7466684,6506365,13
1767829614,/boot,4096,259584,230628,11
1767829614,/boot/efi,8192,65500,65118,1
1767829614,/mnt,4096,2038135,1929201,5
1767829619,/,4096,7466684,6506365,13
1767829619,/boot,4096,259584,230628,11
1767829619,/boot/efi,8192,65500,65118,1
1767829619,/mnt,4096,2038135,1929201,5
1767829624,/,4096,7466684,6506365,13
1767829624,/boot,4096,259584,230628,11
1767829624,/boot/efi,8192,65500,65118,1
1767829624,/mnt,4096,2038135,1929201,5
1767829629,/,4096,7466684,6506365,13
1767829629,/boot,4096,259584,230628,11
1767829629,/boot/efi,8192,65500,65118,1
1767829629,/mnt,4096,2038135,1929201,5
1767829634,/,4096,7466684,6506365,13
1767829634,/boot,4096,259584,230628,11
1767829634,/boot/efi,8192,65500,65118,1
1767829634,/mnt,4096,2038135,1929201,5
1767829639,/,4096,7466684,6506365,13
1767829639,/boot,4096,259584,230628,11
1767829639,/boot/efi,8192,65500,65118,1
1767829639,/mnt,4096,2038135,1929201,5
1767829644,/,4096,7466684,6506365,13
1767829644,/boot,4096,259584,230628,11
1767829644,/boot/efi,8192,65500,65118,1
1767829644,/mnt,4096,2038135,1929201,5
1767829649,/,4096,7466684,6506365,13
1767829649,/boot,4096,259584,230628,11
1767829649,/boot/efi,8192,65500,65118,1
1767829649,/mnt,4096,2038135,1929201,5
1767829654,/,4096,7466684,6506365,13
1767829654,/boot,4096,259584,230628,11
1767829654,/boot/efi,8192,65500,65118,1
1767829654,/mnt,4096,2038135,1929201,5
1767829659,/,4096,7466684,6506365,13
1767829659,/boot,4096,259584,230628,11
1767829659,/boot/efi,8192,65500,65118,1
1767829659,/mnt,4096,2038135,1929201,5
1767829664,/,4096,7466684,6506365,13
1767829664,/boot,4096,259584,230628,11
1767829664,/boot/efi,8192,65500,65118,1
1767829664,/mnt,4096,2038135,1929201,5
1767829669,/,4096,7466684,6509740,13
1767829669,/boot,4096,259584,230628,11
1767829669,/boot/efi,8192,65500,65118,1
1767829669,/mnt,4096,2038135,1929201,5
1767829674,/,4096,7466684,6509740,13
1767829674,/boot,4096,259584,230628,11
1767829674,/boot/efi,8192,65500,65118,1
1767829674,/mnt,4096,2038135,1929201,5
1767829679,/,4096,7466684,6509740,13
1767829679,/boot,4096,259584,230628,11
1767829679,/boot/efi,8192,65500,65118,1
1767829679,/mnt,4096,2038135,1929201,5
1767829684,/,4096,7466684,6509748,13
1767829684,/boot,4096,259584,230628,11
1767829684,/boot/efi,8192,65500,65118,1
1767829684,/mnt,4096,2038135,1929201,5
1767829689,/,4096,7466684,6509748,13
1767829689,/boot,4096,259584,230628,11
1767829689,/boot/efi,8192,65500,65118,1
1767829689,/mnt,4096,2038135,1929201,5
1767829694,/,4096,7466684,6509748,13
1767829694,/boot,4096,259584,230628,11
1767829694,/boot/efi,8192,65500,65118,1
1767829694,/mnt,4096,2038135,1929201,5
1767829699,/,4096,7466684,6509748,13
1767829699,/boot,4096,259584,230628,11
1767829699,/boot/efi,8192,65500,65118,1
1767829699,/mnt,4096,2038135,1929201,5
1767829704,/,4096,7466684,6509748,13
1767829704,/boot,4096,259584,230628,11
1767829704,/boot/efi,8192,65500,65118,1
1767829704,/mnt,4096,2038135,1929201,5
1767829709,/,4096,7466684,6509679,13
1767829709,/boot,4096,259584,230628,11
1767829709,/boot/efi,8192,65500,65118,1
1767829709,/mnt,4096,2038135,1929201,5
1767829714,/,4096,7466684,6509679,13
1767829714,/boot,4096,259584,230628,11
1767829714,/boot/efi,8192,65500,65118,1
1767829714,/mnt,4096,2038135,1929201,5
1767829719,/,4096,7466684,6509679,13
1767829719,/boot,4096,259584,230628,11
1767829719,/boot/efi,8192,65500,65118,1
1767829719,/mnt,4096,2038135,1929201,5
1767829724,/,4096,7466684,6509679,13
1767829724,/boot,4096,259584,230628,11
1767829724,/boot/efi,8192,65500,65118,1
1767829724,/mnt,4096,2038135,1929201,5
1767829729,/,4096,7466684,6509679,13
1767829729,/boot,4096,259584,230628,11
1767829729,/boot/efi,8192,65500,65118,1
1767829729,/mnt,4096,2038135,1929201,5
1767829734,/,4096,7466684,6509679,13
1767829734,/boot,4096,259584,230628,11
1767829734,/boot/efi,8192,65500,65118,1
1767829734,/mnt,4096,2038135,1929201,5
1767829739,/,4096,7466684,6509684,13
1767829739,/boot,4096,259584,230628,11
1767829739,/boot/efi,8192,65500,65118,1
1767829739,/mnt,4096,2038135,1929201,5
1767829744,/,4096,7466684,6509684,13
1767829744,/boot,4096,259584,230628,11
1767829744,/boot/efi,8192,65500,65118,1
1767829744,/mnt,4096,2038135,1929201,5
1767829749,/,4096,7466684,6509684,13
1767829749,/boot,4096,259584,230628,11
1767829749,/boot/efi,8192,65500,65118,1
1767829749,/mnt,4096,2038135,1929201,5
1767829754,/,4096,7466684,6509684,13
1767829754,/boot,4096,259584,230628,11
1767829754,/boot/efi,8192,65500,65118,1
1767829754,/mnt,4096,2038135,1929201,5
1767829759,/,4096,7466684,6509684,13
1767829759,/boot,4096,259584,230628,11
1767829759,/boot/efi,8192,65500,65118,1
1767829759,/mnt,4096,2038135,1929201,5
1767829764,/,4096,7466684,6509684,13
1767829764,/boot,4096,259584,230628,11
1767829764,/boot/efi,8192,65500,65118,1
1767829764,/mnt,4096,2038135,1929201,5
1767829769,/,4096,7466684,6509684,13
1767829769,/boot,4096,259584,230628,11
1767829769,/boot/efi,8192,65500,65118,1
1767829769,/mnt,4096,2038135,1929201,5
1767829774,/,4096,7466684,6509684,13
1767829774,/boot,4096,259584,230628,11
1767829774,/boot/efi,8192,65500,65118,1
1767829774,/mnt,4096,2038135,1929201,5
1767829779,/,4096,7466684,6509684,13
1767829779,/boot,4096,259584,230628,11
1767829779,/boot/efi,8192,65500,65118,1
1767829779,/mnt,4096,2038135,1929201,5
1767829784,/,4096,7466684,6509684,13
1767829784,/boot,4096,259584,230628,11
1767829784,/boot/efi,8192,65500,65118,1
1767829784,/mnt,4096,2038135,1929201,5
1767829789,/,4096,7466684,6509684,13
1767829789,/boot,4096,259584,230628,11
1767829789,/boot/efi,8192,65500,65118,1
1767829789,/mnt,4096,2038135,1929201,5
1767829794,/,4096,7466684,6509684,13
1767829794,/boot,4096,259584,230628,11
1767829794,/boot/efi,8192,65500,65118,1
1767829794,/mnt,4096,2038135,1929201,5
1767829799,/,4096,7466684,6509684,13
1767829799,/boot,4096,259584,230628,11
1767829799,/boot/efi,8192,65500,65118,1
1767829799,/mnt,4096,2038135,1929201,5
1767829804,/,4096,7466684,6509684,13
1767829804,/boot,4096,259584,230628,11
1767829804,/boot/efi,8192,65500,65118,1
1767829804,/mnt,4096,2038135,1929201,5
1767829809,/,4096,7466684,6509684,13
1767829809,/boot,4096,259584,230628,11
1767829809,/boot/efi,8192,65500,65118,1
1767829809,/mnt,4096,2038135,1929201,5
1767829814,/,4096,7466684,6509684,13
1767829814,/boot,4096,259584,230628,11
1767829814,/boot/efi,8192,65500,65118,1
1767829814,/mnt,4096,2038135,1929201,5
1767829819,/,4096,7466684,6509684,13
1767829819,/boot,4096,259584,230628,11
1767829819,/boot/efi,8192,65500,65118,1
1767829819,/mnt,4096,2038135,1929201,5
1767829824,/,4096,7466684,6509684,13
1767829824,/boot,4096,259584,230628,11
1767829824,/boot/efi,8192,65500,65118,1
1767829824,/mnt,4096,2038135,1929201,5
1767829829,/,4096,7466684,6509684,13
1767829829,/boot,4096,259584,230628,11
1767829829,/boot/efi,8192,65500,65118,1
1767829829,/mnt,4096,2038135,1929201,5
1767829834,/,4096,7466684,6509684,13
1767829834,/boot,4096,259584,230628,11
1767829834,/boot/efi,8192,65500,65118,1
1767829834,/mnt,4096,2038135,1929201,5
1767829839,/,4096,7466684,6509684,13
1767829839,/boot,4096,259584,230628,11
1767829839,/boot/efi,8192,65500,65118,1
1767829839,/mnt,4096,2038135,1929201,5
1767829844,/,4096,7466684,6509684,13
1767829844,/boot,4096,259584,230628,11
1767829844,/boot/efi,8192,65500,65118,1
1767829844,/mnt,4096,2038135,1929201,5
1767829849,/,4096,7466684,6509684,13
1767829849,/boot,4096,259584,230628,11
1767829849,/boot/efi,8192,65500,65118,1
1767829849,/mnt,4096,2038135,1929201,5
1767829854,/,4096,7466684,6509684,13
1767829854,/boot,4096,259584,230628,11
1767829854,/boot/efi,8192,65500,65118,1
1767829854,/mnt,4096,2038135,1929201,5
1767829859,/,4096,7466684,6509684,13
1767829859,/boot,4096,259584,230628,11
1767829859,/boot/efi,8192,65500,65118,1
1767829859,/mnt,4096,2038135,1929201,5
1767829864,/,4096,7466684,6509684,13
1767829864,/boot,4096,259584,230628,11
1767829864,/boot/efi,8192,65500,65118,1
1767829864,/mnt,4096,2038135,1929201,5
1767829869,/,4096,7466684,6509684,13
1767829869,/boot,4096,259584,230628,11
1767829869,/boot/efi,8192,65500,65118,1
1767829869,/mnt,4096,2038135,1929201,5
1767829874,/,4096,7466684,6509684,13
1767829874,/boot,4096,259584,230628,11
1767829874,/boot/efi,8192,65500,65118,1
1767829874,/mnt,4096,2038135,1929201,5
1767829879,/,4096,7466684,6509684,13
1767829879,/boot,4096,259584,230628,11
1767829879,/boot/efi,8192,65500,65118,1
1767829879,/mnt,4096,2038135,1929201,5
1767829884,/,4096,7466684,6509684,13
1767829884,/boot,4096,259584,230628,11
1767829884,/boot/efi,8192,65500,65118,1
1767829884,/mnt,4096,2038135,1929201,5
1767829889,/,4096,7466684,6509684,13
1767829889,/boot,4096,259584,230628,11
1767829889,/boot/efi,8192,65500,65118,1
1767829889,/mnt,4096,2038135,1929201,5
1767829894,/,4096,7466684,6509684,13
1767829894,/boot,4096,259584,230628,11
1767829894,/boot/efi,8192,65500,65118,1
1767829894,/mnt,4096,2038135,1929201,5
1767829899,/,4096,7466684,6509684,13
1767829899,/boot,4096,259584,230628,11
1767829899,/boot/efi,8192,65500,65118,1
1767829899,/mnt,4096,2038135,1929201,5
1767829904,/,4096,7466684,6509684,13
1767829904,/boot,4096,259584,230628,11
1767829904,/boot/efi,8192,65500,65118,1
1767829904,/mnt,4096,2038135,1929201,5
1767829909,/,4096,7466684,6509684,13
1767829909,/boot,4096,259584,230628,11
1767829909,/boot/efi,8192,65500,65118,1
1767829909,/mnt,4096,2038135,1929201,5
1767829914,/,4096,7466684,6509684,13
1767829914,/boot,4096,259584,230628,11
1767829914,/boot/efi,8192,65500,65118,1
1767829914,/mnt,4096,2038135,1929201,5
1767829919,/,4096,7466684,6509684,13
1767829919,/boot,4096,259584,230628,11
1767829919,/boot/efi,8192,65500,65118,1
1767829919,/mnt,4096,2038135,1929201,5
1767829924,/,4096,7466684,6509684,13
1767829924,/boot,4096,259584,230628,11
1767829924,/boot/efi,8192,65500,65118,1
1767829924,/mnt,4096,2038135,1929201,5
1767829929,/,4096,7466684,6509968,13
1767829929,/boot,4096,259584,230628,11
1767829929,/boot/efi,8192,65500,65118,1
1767829929,/mnt,4096,2038135,1929201,5
1767829934,/,4096,7466684,6509968,13
1767829934,/boot,4096,259584,230628,11
1767829934,/boot/efi,8192,65500,65118,1
1767829934,/mnt,4096,2038135,1929201,5
1767829939,/,4096,7466684,6509968,13
1767829939,/boot,4096,259584,230628,11
1767829939,/boot/efi,8192,65500,65118,1
1767829939,/mnt,4096,2038135,1929201,5
1767829944,/,4096,7466684,6509968,13
1767829944,/boot,4096,259584,230628,11
1767829944,/boot/efi,8192,65500,65118,1
1767829944,/mnt,4096,2038135,1929201,5
1767829949,/,4096,7466684,6509968,13
1767829949,/boot,4096,259584,230628,11
1767829949,/boot/efi,8192,65500,65118,1
1767829949,/mnt,4096,2038135,1929201,5
1767829954,/,4096,7466684,6509973,13
1767829954,/boot,4096,259584,230628,11
1767829954,/boot/efi,8192,65500,65118,1
1767829954,/mnt,4096,2038135,1929201,5
1767829959,/,4096,7466684,6509973,13
1767829959,/boot,4096,259584,230628,11
1767829959,/boot/efi,8192,65500,65118,1
1767829959,/mnt,4096,2038135,1929201,5
1767829964,/,4096,7466684,6509973,13
1767829964,/boot,4096,259584,230628,11
1767829964,/boot/efi,8192,65500,65118,1
1767829964,/mnt,4096,2038135,1929201,5
1767829969,/,4096,7466684,6509973,13
1767829969,/boot,4096,259584,230628,11
1767829969,/boot/efi,8192,65500,65118,1
1767829969,/mnt,4096,2038135,1929201,5
1767829974,/,4096,7466684,6509973,13
1767829974,/boot,4096,259584,230628,11
1767829974,/boot/efi,8192,65500,65118,1
1767829974,/mnt,4096,2038135,1929201,5
1767829979,/,4096,7466684,6509973,13
1767829979,/boot,4096,259584,230628,11
1767829979,/boot/efi,8192,65500,65118,1
1767829979,/mnt,4096,2038135,1929201,5
1767829984,/,4096,7466684,6509973,13
1767829984,/boot,4096,259584,230628,11
1767829984,/boot/efi,8192,65500,65118,1
1767829984,/mnt,4096,2038135,1929201,5
1767829989,/,4096,7466684,6509973,13
1767829989,/boot,4096,259584,230628,11
1767829989,/boot/efi,8192,65500,65118,1
1767829989,/mnt,4096,2038135,1929201,5
1767829994,/,4096,7466684,6509845,13
1767829994,/boot,4096,259584,230628,11
1767829994,/boot/efi,8192,65500,65118,1
1767829994,/mnt,4096,2038135,1929201,5
1767829999,/,4096,7466684,6509845,13
1767829999,/boot,4096,259584,230628,11
1767829999,/boot/efi,8192,65500,65118,1
1767829999,/mnt,4096,2038135,1929201,5
1767830004,/,4096,7466684,6509845,13
1767830004,/boot,4096,259584,230628,11
1767830004,/boot/efi,8192,65500,65118,1
1767830004,/mnt,4096,2038135,1929201,5
1767830009,/,4096,7466684,6509845,13
1767830009,/boot,4096,259584,230628,11
1767830009,/boot/efi,8192,65500,65118,1
1767830009,/mnt,4096,2038135,1929201,5
1767830014,/,4096,7466684,6509845,13
1767830014,/boot,4096,259584,230628,11
1767830014,/boot/efi,8192,65500,65118,1
1767830014,/mnt,4096,2038135,1929201,5
1767830019,/,4096,7466684,6509845,13
1767830019,/boot,4096,259584,230628,11
1767830019,/boot/efi,8192,65500,65118,1
1767830019,/mnt,4096,2038135,1929201,5
1767830024,/,4096,7466684,6509845,13
1767830024,/boot,4096,259584,230628,11
1767830024,/boot/efi,8192,65500,65118,1
1767830024,/mnt,4096,2038135,1929201,5
1767830029,/,4096,7466684,6509845,13
1767830029,/boot,4096,259584,230628,11
1767830029,/boot/efi,8192,65500,65118,1
1767830029,/mnt,4096,2038135,1929201,5
1767830034,/,4096,7466684,6509845,13
1767830034,/boot,4096,259584,230628,11
1767830034,/boot/efi,8192,65500,65118,1
1767830034,/mnt,4096,2038135,1929201,5
1767830039,/,4096,7466684,6509845,13
1767830039,/boot,4096,259584,230628,11
1767830039,/boot/efi,8192,65500,65118,1
1767830039,/mnt,4096,2038135,1929201,5
1767830044,/,4096,7466684,6509845,13
1767830044,/boot,4096,259584,230628,11
1767830044,/boot/efi,8192,65500,65118,1
1767830044,/mnt,4096,2038135,1929201,5
1767830049,/,4096,7466684,6509845,13
1767830049,/boot,4096,259584,230628,11
1767830049,/boot/efi,8192,65500,65118,1
1767830049,/mnt,4096,2038135,1929201,5
1767830054,/,4096,7466684,6509845,13
1767830054,/boot,4096,259584,230628,11
1767830054,/boot/efi,8192,65500,65118,1
1767830054,/mnt,4096,2038135,1929201,5
1767830059,/,4096,7466684,6509845,13
1767830059,/boot,4096,259584,230628,11
1767830059,/boot/efi,8192,65500,65118,1
1767830059,/mnt,4096,2038135,1929201,5
1767830064,/,4096,7466684,6509845,13
1767830064,/boot,4096,259584,230628,11
1767830064,/boot/efi,8192,65500,65118,1
1767830064,/mnt,4096,2038135,1929201,5
1767830069,/,4096,7466684,6509845,13
1767830069,/boot,4096,259584,230628,11
1767830069,/boot/efi,8192,65500,65118,1
1767830069,/mnt,4096,2038135,1929201,5
1767830074,/,4096,7466684,6509845,13
1767830074,/boot,4096,259584,230628,11
1767830074,/boot/efi,8192,65500,65118,1
1767830074,/mnt,4096,2038135,1929201,5
1767830079,/,4096,7466684,6509845,13
1767830079,/boot,4096,259584,230628,11
1767830079,/boot/efi,8192,65500,65118,1
1767830079,/mnt,4096,2038135,1929201,5
