#timestamp,DEV,tps,rtps,wtps,dtps,bread/s,bwrtn/s,bdscd/s
1767829434,sda,5,2.1999999999999997,2.8000000000000003,0,299.2,70.6,0
1767829434,sda1,0,0,0,0,0,0,0
1767829434,sda2,0,0,0,0,0,0,0
1767829434,sda3,0,0,0,0,0,0,0
1767829434,sda4,5,2.1999999999999997,2.8000000000000003,0,299.2,70.6,0
1767829434,sdb,0,0,0,0,0,0,0
1767829434,sdb1,0,0,0,0,0,0,0
1767829434,sr0,0,0,0,0,0,0,0
1767829439,sda,0.2,0,0.2,0,0,1.6,0
1767829439,sda1,0,0,0,0,0,0,0
1767829439,sda2,0,0,0,0,0,0,0
1767829439,sda3,0,0,0,0,0,0,0
1767829439,sda4,0.2,0,0.2,0,0,1.6,0
1767829439,sdb,0,0,0,0,0,0,0
1767829439,sdb1,0,0,0,0,0,0,0
1767829439,sr0,0,0,0,0,0,0,0
1767829444,sda,0.4,0,0.4,0,0,3.2,0
1767829444,sda1,0,0,0,0,0,0,0
1767829444,sda2,0,0,0,0,0,0,0
1767829444,sda3,0,0,0,0,0,0,0
1767829444,sda4,0.4,0,0.4,0,0,3.2,0
1767829444,sdb,0,0,0,0,0,0,0
1767829444,sdb1,0,0,0,0,0,0,0
1767829444,sr0,0,0,0,0,0,0,0
1767829449,sda,0.6,0,0.6,0,0,8,0
1767829449,sda1,0,0,0,0,0,0,0
1767829449,sda2,0,0,0,0,0,0,0
1767829449,sda3,0,0,0,0,0,0,0
1767829449,sda4,0.6,0,0.6,0,0,8,0
1767829449,sdb,0,0,0,0,0,0,0
1767829449,sdb1,0,0,0,0,0,0,0
1767829449,sr0,0,0,0,0,0,0,0
1767829454,sda,0.4,0,0.4,0,0,4.8,0
1767829454,sda1,0,0,0,0,0,0,0
1767829454,sda2,0,0,0,0,0,0,0
1767829454,sda3,0,0,0,0,0,0,0
1767829454,sda4,0.4,0,0.4,0,0,4.8,0
1767829454,sdb,0,0,0,0,0,0,0
1767829454,sdb1,0,0,0,0,0,0,0
1767829454,sr0,0,0,0,0,0,0,0
1767829459,sda,4.8,0,4.8,0,0,118.39999999999999,0
1767829459,sda1,0,0,0,0,0,0,0
1767829459,sda2,0,0,0,0,0,0,0
1767829459,sda3,0,0,0,0,0,0,0
1767829459,sda4,4.8,0,4.8,0,0,118.39999999999999,0
1767829459,sdb,0,0,0,0,0,0,0
1767829459,sdb1,0,0,0,0,0,0,0
1767829459,sr0,0,0,0,0,0,0,0
1767829464,sda,0.8,0,0.8,0,0,17.599999999999998,0
1767829464,sda1,0,0,0,0,0,0,0
1767829464,sda2,0,0,0,0,0,0,0
1767829464,sda3,0,0,0,0,0,0,0
1767829464,sda4,0.8,0,0.8,0,0,17.599999999999998,0
1767829464,sdb,0,0,0,0,0,0,0
1767829464,sdb1,0,0,0,0,0,0,0
1767829464,sr0,0,0,0,0,0,0,0
1767829469,sda,0.2,0,0.2,0,0,1.6,0
1767829469,sda1,0,0,0,0,0,0,0
1767829469,sda2,0,0,0,0,0,0,0
1767829469,sda3,0,0,0,0,0,0,0
1767829469,sda4,0.2,0,0.2,0,0,1.6,0
1767829469,sdb,0,0,0,0,0,0,0
1767829469,sdb1,0,0,0,0,0,0,0
1767829469,sr0,0,0,0,0,0,0,0
1767829474,sda,0.2,0,0.2,0,0,1.6,0
1767829474,sda1,0,0,0,0,0,0,0
1767829474,sda2,0,0,0,0,0,0,0
1767829474,sda3,0,0,0,0,0,0,0
1767829474,sda4,0.2,0,0.2,0,0,1.6,0
1767829474,sdb,0,0,0,0,0,0,0
1767829474,sdb1,0,0,0,0,0,0,0
1767829474,sr0,0,0,0,0,0,0,0
1767829479,sda,0.4,0,0.4,0,0,3.2,0
1767829479,sda1,0,0,0,0,0,0,0
1767829479,sda2,0,0,0,0,0,0,0
1767829479,sda3,0,0,0,0,0,0,0
1767829479,sda4,0.4,0,0.4,0,0,3.2,0
1767829479,sdb,0,0,0,0,0,0,0
1767829479,sdb1,0,0,0,0,0,0,0
1767829479,sr0,0,0,0,0,0,0,0
1767829484,sda,0.2,0,0.2,0,0,1.6,0
1767829484,sda1,0,0,0,0,0,0,0
1767829484,sda2,0,0,0,0,0,0,0
1767829484,sda3,0,0,0,0,0,0,0
1767829484,sda4,0.2,0,0.2,0,0,1.6,0
1767829484,sdb,0,0,0,0,0,0,0
1767829484,sdb1,0,0,0,0,0,0,0
1767829484,sr0,0,0,0,0,0,0,0
1767829489,sda,2,0,2,0,0,43.4,0
1767829489,sda1,0,0,0,0,0,0,0
1767829489,sda2,0,0,0,0,0,0,0
1767829489,sda3,0,0,0,0,0,0,0
1767829489,sda4,2,0,2,0,0,43.4,0
1767829489,sdb,0,0,0,0,0,0,0
1767829489,sdb1,0,0,0,0,0,0,0
1767829489,sr0,0,0,0,0,0,0,0
1767829494,sda,0.6,0,0.6,0,0,16,0
1767829494,sda1,0,0,0,0,0,0,0
1767829494,sda2,0,0,0,0,0,0,0
1767829494,sda3,0,0,0,0,0,0,0
1767829494,sda4,0.6,0,0.6,0,0,16,0
1767829494,sdb,0,0,0,0,0,0,0
1767829494,sdb1,0,0,0,0,0,0,0
1767829494,sr0,0,0,0,0,0,0,0
1767829499,sda,0.2,0,0.2,0,0,1.6,0
1767829499,sda1,0,0,0,0,0,0,0
1767829499,sda2,0,0,0,0,0,0,0
1767829499,sda3,0,0,0,0,0,0,0
1767829499,sda4,0.2,0,0.2,0,0,1.6,0
1767829499,sdb,0,0,0,0,0,0,0
1767829499,sdb1,0,0,0,0,0,0,0
1767829499,sr0,0,0,0,0,0,0,0
1767829504,sda,1.2,0.8,0.4,0,40,3.2,0
1767829504,sda1,0,0,0,0,0,0,0
1767829504,sda2,0,0,0,0,0,0,0
1767829504,sda3,0,0,0,0,0,0,0
1767829504,sda4,1.2,0.8,0.4,0,40,3.2,0
1767829504,sdb,0,0,0,0,0,0,0
1767829504,sdb1,0,0,0,0,0,0,0
1767829504,sr0,0,0,0,0,0,0,0
1767829509,sda,0.2,0,0.2,0,0,1.6,0
1767829509,sda1,0,0,0,0,0,0,0
1767829509,sda2,0,0,0,0,0,0,0
1767829509,sda3,0,0,0,0,0,0,0
1767829509,sda4,0.2,0,0.2,0,0,1.6,0
1767829509,sdb,0,0,0,0,0,0,0
1767829509,sdb1,0,0,0,0,0,0,0
1767829509,sr0,0,0,0,0,0,0,0
1767829514,sda,0.2,0,0.2,0,0,1.6,0
1767829514,sda1,0,0,0,0,0,0,0
1767829514,sda2,0,0,0,0,0,0,0
1767829514,sda3,0,0,0,0,0,0,0
1767829514,sda4,0.2,0,0.2,0,0,1.6,0
1767829514,sdb,0,0,0,0,0,0,0
1767829514,sdb1,0,0,0,0,0,0,0
1767829514,sr0,0,0,0,0,0,0,0
1767829519,sda,0.2,0,0.2,0,0,3.8,0
1767829519,sda1,0,0,0,0,0,0,0
1767829519,sda2,0,0,0,0,0,0,0
1767829519,sda3,0,0,0,0,0,0,0
1767829519,sda4,0.2,0,0.2,0,0,3.8,0
1767829519,sdb,0,0,0,0,0,0,0
1767829519,sdb1,0,0,0,0,0,0,0
1767829519,sr0,0,0,0,0,0,0,0
1767829524,sda,0.6,0,0.6,0,0,4.8,0
1767829524,sda1,0,0,0,0,0,0,0
1767829524,sda2,0,0,0,0,0,0,0
1767829524,sda3,0,0,0,0,0,0,0
1767829524,sda4,0.6,0,0.6,0,0,4.8,0
1767829524,sdb,0,0,0,0,0,0,0
1767829524,sdb1,0,0,0,0,0,0,0
1767829524,sr0,0,0,0,0,0,0,0
1767829529,sda,0.6,0,0.6,0,0,16,0
1767829529,sda1,0,0,0,0,0,0,0
1767829529,sda2,0,0,0,0,0,0,0
1767829529,sda3,0,0,0,0,0,0,0
1767829529,sda4,0.6,0,0.6,0,0,16,0
1767829529,sdb,0,0,0,0,0,0,0
1767829529,sdb1,0,0,0,0,0,0,0
1767829529,sr0,0,0,0,0,0,0,0
1767829534,sda,0.4,0,0.4,0,0,3.2,0
1767829534,sda1,0,0,0,0,0,0,0
1767829534,sda2,0,0,0,0,0,0,0
1767829534,sda3,0,0,0,0,0,0,0
1767829534,sda4,0.4,0,0.4,0,0,3.2,0
1767829534,sdb,0,0,0,0,0,0,0
1767829534,sdb1,0,0,0,0,0,0,0
1767829534,sr0,0,0,0,0,0,0,0
1767829539,sda,0.2,0,0.2,0,0,1.6,0
1767829539,sda1,0,0,0,0,0,0,0
1767829539,sda2,0,0,0,0,0,0,0
1767829539,sda3,0,0,0,0,0,0,0
1767829539,sda4,0.2,0,0.2,0,0,1.6,0
1767829539,sdb,0,0,0,0,0,0,0
1767829539,sdb1,0,0,0,0,0,0,0
1767829539,sr0,0,0,0,0,0,0,0
1767829544,sda,0.2,0,0.2,0,0,1.6,0
1767829544,sda1,0,0,0,0,0,0,0
1767829544,sda2,0,0,0,0,0,0,0
1767829544,sda3,0,0,0,0,0,0,0
1767829544,sda4,0.2,0,0.2,0,0,1.6,0
1767829544,sdb,0,0,0,0,0,0,0
1767829544,sdb1,0,0,0,0,0,0,0
1767829544,sr0,0,0,0,0,0,0,0
1767829549,sda,4,0,4,0,0,91.8,0
1767829549,sda1,0,0,0,0,0,0,0
1767829549,sda2,0,0,0,0,0,0,0
1767829549,sda3,0,0,0,0,0,0,0
1767829549,sda4,4,0,4,0,0,91.8,0
1767829549,sdb,0,0,0,0,0,0,0
1767829549,sdb1,0,0,0,0,0,0,0
1767829549,sr0,0,0,0,0,0,0,0
1767829554,sda,0.2,0,0.2,0,0,1.6,0
1767829554,sda1,0,0,0,0,0,0,0
1767829554,sda2,0,0,0,0,0,0,0
1767829554,sda3,0,0,0,0,0,0,0
1767829554,sda4,0.2,0,0.2,0,0,1.6,0
1767829554,sdb,0,0,0,0,0,0,0
1767829554,sdb1,0,0,0,0,0,0,0
1767829554,sr0,0,0,0,0,0,0,0
1767829559,sda,0.2,0,0.2,0,0,1.6,0
1767829559,sda1,0,0,0,0,0,0,0
1767829559,sda2,0,0,0,0,0,0,0
1767829559,sda3,0,0,0,0,0,0,0
1767829559,sda4,0.2,0,0.2,0,0,1.6,0
1767829559,sdb,0,0,0,0,0,0,0
1767829559,sdb1,0,0,0,0,0,0,0
1767829559,sr0,0,0,0,0,0,0,0
1767829564,sda,0.6,0,0.6,0,0,17.599999999999998,0
1767829564,sda1,0,0,0,0,0,0,0
1767829564,sda2,0,0,0,0,0,0,0
1767829564,sda3,0,0,0,0,0,0,0
1767829564,sda4,0.6,0,0.6,0,0,17.599999999999998,0
1767829564,sdb,0,0,0,0,0,0,0
1767829564,sdb1,0,0,0,0,0,0,0
1767829564,sr0,0,0,0,0,0,0,0
1767829569,sda,0.2,0,0.2,0,0,1.6,0
1767829569,sda1,0,0,0,0,0,0,0
1767829569,sda2,0,0,0,0,0,0,0
1767829569,sda3,0,0,0,0,0,0,0
1767829569,sda4,0.2,0,0.2,0,0,1.6,0
1767829569,sdb,0,0,0,0,0,0,0
1767829569,sdb1,0,0,0,0,0,0,0
1767829569,sr0,0,0,0,0,0,0,0
1767829574,sda,0.2,0,0.2,0,0,1.6,0
1767829574,sda1,0,0,0,0,0,0,0
1767829574,sda2,0,0,0,0,0,0,0
1767829574,sda3,0,0,0,0,0,0,0
1767829574,sda4,0.2,0,0.2,0,0,1.6,0
1767829574,sdb,0,0,0,0,0,0,0
1767829574,sdb1,0,0,0,0,0,0,0
1767829574,sr0,0,0,0,0,0,0,0
1767829579,sda,0.2,0,0.2,0,0,2.6,0
1767829579,sda1,0,0,0,0,0,0,0
1767829579,sda2,0,0,0,0,0,0,0
1767829579,sda3,0,0,0,0,0,0,0
1767829579,sda4,0.2,0,0.2,0,0,2.6,0
1767829579,sdb,0,0,0,0,0,0,0
1767829579,sdb1,0,0,0,0,0,0,0
1767829579,sr0,0,0,0,0,0,0,0
1767829584,sda,0.2,0,0.2,0,0,1.6,0
1767829584,sda1,0,0,0,0,0,0,0
1767829584,sda2,0,0,0,0,0,0,0
1767829584,sda3,0,0,0,0,0,0,0
1767829584,sda4,0.2,0,0.2,0,0,1.6,0
1767829584,sdb,0,0,0,0,0,0,0
1767829584,sdb1,0,0,0,0,0,0,0
1767829584,sr0,0,0,0,0,0,0,0
1767829589,sda,0.6,0,0.6,0,0,4.8,0
1767829589,sda1,0,0,0,0,0,0,0
1767829589,sda2,0,0,0,0,0,0,0
1767829589,sda3,0,0,0,0,0,0,0
1767829589,sda4,0.6,0,0.6,0,0,4.8,0
1767829589,sdb,0,0,0,0,0,0,0
1767829589,sdb1,0,0,0,0,0,0,0
1767829589,sr0,0,0,0,0,0,0,0
1767829594,sda,0.6,0,0.6,0,0,4.8,0
1767829594,sda1,0,0,0,0,0,0,0
1767829594,sda2,0,0,0,0,0,0,0
1767829594,sda3,0,0,0,0,0,0,0
1767829594,sda4,0.6,0,0.6,0,0,4.8,0
1767829594,sdb,0,0,0,0,0,0,0
1767829594,sdb1,0,0,0,0,0,0,0
1767829594,sr0,0,0,0,0,0,0,0
1767829599,sda,0.4,0,0.4,0,0,16,0
1767829599,sda1,0,0,0,0,0,0,0
1767829599,sda2,0,0,0,0,0,0,0
1767829599,sda3,0,0,0,0,0,0,0
1767829599,sda4,0.4,0,0.4,0,0,16,0
1767829599,sdb,0,0,0,0,0,0,0
1767829599,sdb1,0,0,0,0,0,0,0
1767829599,sr0,0,0,0,0,0,0,0
1767829604,sda,0.2,0,0.2,0,0,1.6,0
1767829604,sda1,0,0,0,0,0,0,0
1767829604,sda2,0,0,0,0,0,0,0
1767829604,sda3,0,0,0,0,0,0,0
1767829604,sda4,0.2,0,0.2,0,0,1.6,0
1767829604,sdb,0,0,0,0,0,0,0
1767829604,sdb1,0,0,0,0,0,0,0
1767829604,sr0,0,0,0,0,0,0,0
1767829609,sda,0,0,0,0,0,0,0
1767829609,sda1,0,0,0,0,0,0,0
1767829609,sda2,0,0,0,0,0,0,0
1767829609,sda3,0,0,0,0,0,0,0
1767829609,sda4,0,0,0,0,0,0,0
1767829609,sdb,0,0,0,0,0,0,0
1767829609,sdb1,0,0,0,0,0,0,0
1767829609,sr0,0,0,0,0,0,0,0
1767829614,sda,1.6,0,1.6,0,0,26,0
1767829614,sda1,0,0,0,0,0,0,0
1767829614,sda2,0,0,0,0,0,0,0
1767829614,sda3,0,0,0,0,0,0,0
1767829614,sda4,1.6,0,1.6,0,0,26,0
1767829614,sdb,0,0,0,0,0,0,0
1767829614,sdb1,0,0,0,0,0,0,0
1767829614,sr0,0,0,0,0,0,0,0
1767829619,sda,0.2,0,0.2,0,0,1.6,0
1767829619,sda1,0,0,0,0,0,0,0
1767829619,sda2,0,0,0,0,0,0,0
1767829619,sda3,0,0,0,0,0,0,0
1767829619,sda4,0.2,0,0.2,0,0,1.6,0
1767829619,sdb,0,0,0,0,0,0,0
1767829619,sdb1,0,0,0,0,0,0,0
1767829619,sr0,0,0,0,0,0,0,0
1767829624,sda,1,0,1,0,0,10,0
1767829624,sda1,0,0,0,0,0,0,0
1767829624,sda2,0,0,0,0,0,0,0
1767829624,sda3,0,0,0,0,0,0,0
1767829624,sda4,1,0,1,0,0,10,0
1767829624,sdb,0,0,0,0,0,0,0
1767829624,sdb1,0,0,0,0,0,0,0
1767829624,sr0,0,0,0,0,0,0,0
1767829629,sda,0.2,0,0.2,0,0,1.6,0
1767829629,sda1,0,0,0,0,0,0,0
1767829629,sda2,0,0,0,0,0,0,0
1767829629,sda3,0,0,0,0,0,0,0
1767829629,sda4,0.2,0,0.2,0,0,1.6,0
1767829629,sdb,0,0,0,0,0,0,0
1767829629,sdb1,0,0,0,0,0,0,0
1767829629,sr0,0,0,0,0,0,0,0
1767829634,sda,0.4,0,0.4,0,0,16,0
1767829634,sda1,0,0,0,0,0,0,0
1767829634,sda2,0,0,0,0,0,0,0
1767829634,sda3,0,0,0,0,0,0,0
1767829634,sda4,0.4,0,0.4,0,0,16,0
1767829634,sdb,0,0,0,0,0,0,0
1767829634,sdb1,0,0,0,0,0,0,0
1767829634,sr0,0,0,0,0,0,0,0
1767829639,sda,0,0,0,0,0,0,0
1767829639,sda1,0,0,0,0,0,0,0
1767829639,sda2,0,0,0,0,0,0,0
1767829639,sda3,0,0,0,0,0,0,0
1767829639,sda4,0,0,0,0,0,0,0
1767829639,sdb,0,0,0,0,0,0,0
1767829639,sdb1,0,0,0,0,0,0,0
1767829639,sr0,0,0,0,0,0,0,0
1767829644,sda,1.6,0,1.6,0,0,26.200000000000003,0
1767829644,sda1,0,0,0,0,0,0,0
1767829644,sda2,0,0,0,0,0,0,0
1767829644,sda3,0,0,0,0,0,0,0
1767829644,sda4,1.6,0,1.6,0,0,26.200000000000003,0
1767829644,sdb,0,0,0,0,0,0,0
1767829644,sdb1,0,0,0,0,0,0,0
1767829644,sr0,0,0,0,0,0,0,0
1767829649,sda,0.6,0,0.6,0,0,6.4,0
1767829649,sda1,0,0,0,0,0,0,0
1767829649,sda2,0,0,0,0,0,0,0
1767829649,sda3,0,0,0,0,0,0,0
1767829649,sda4,0.6,0,0.6,0,0,6.4,0
1767829649,sdb,0,0,0,0,0,0,0
1767829649,sdb1,0,0,0,0,0,0,0
1767829649,sr0,0,0,0,0,0,0,0
1767829654,sda,0.2,0,0.2,0,0,1.6,0
1767829654,sda1,0,0,0,0,0,0,0
1767829654,sda2,0,0,0,0,0,0,0
1767829654,sda3,0,0,0,0,0,0,0
1767829654,sda4,0.2,0,0.2,0,0,1.6,0
1767829654,sdb,0,0,0,0,0,0,0
1767829654,sdb1,0,0,0,0,0,0,0
1767829654,sr0,0,0,0,0,0,0,0
1767829659,sda,0.4,0,0.4,0,0,3.2,0
1767829659,sda1,0,0,0,0,0,0,0
1767829659,sda2,0,0,0,0,0,0,0
1767829659,sda3,0,0,0,0,0,0,0
1767829659,sda4,0.4,0,0.4,0,0,3.2,0
1767829659,sdb,0,0,0,0,0,0,0
1767829659,sdb1,0,0,0,0,0,0,0
1767829659,sr0,0,0,0,0,0,0,0
1767829664,sda,0,0,0,0,0,0,0
1767829664,sda1,0,0,0,0,0,0,0
1767829664,sda2,0,0,0,0,0,0,0
1767829664,sda3,0,0,0,0,0,0,0
1767829664,sda4,0,0,0,0,0,0,0
1767829664,sdb,0,0,0,0,0,0,0
1767829664,sdb1,0,0,0,0,0,0,0
1767829664,sr0,0,0,0,0,0,0,0
1767829669,sda,0.4,0,0.4,0,0,16,0
1767829669,sda1,0,0,0,0,0,0,0
1767829669,sda2,0,0,0,0,0,0,0
1767829669,sda3,0,0,0,0,0,0,0
1767829669,sda4,0.4,0,0.4,0,0,16,0
1767829669,sdb,0,0,0,0,0,0,0
1767829669,sdb1,0,0,0,0,0,0,0
1767829669,sr0,0,0,0,0,0,0,0
1767829674,sda,1,0,1,0,0,13.200000000000001,0
1767829674,sda1,0,0,0,0,0,0,0
1767829674,sda2,0,0,0,0,0,0,0
1767829674,sda3,0,0,0,0,0,0,0
1767829674,sda4,1,0,1,0,0,13.200000000000001,0
1767829674,sdb,0,0,0,0,0,0,0
1767829674,sdb1,0,0,0,0,0,0,0
1767829674,sr0,0,0,0,0,0,0,0
1767829679,sda,0.2,0,0.2,0,0,1.6,0
1767829679,sda1,0,0,0,0,0,0,0
1767829679,sda2,0,0,0,0,0,0,0
1767829679,sda3,0,0,0,0,0,0,0
1767829679,sda4,0.2,0,0.2,0,0,1.6,0
1767829679,sdb,0,0,0,0,0,0,0
1767829679,sdb1,0,0,0,0,0,0,0
1767829679,sr0,0,0,0,0,0,0,0
1767829684,sda,0.4,0,0.4,0,0,3.2,0
1767829684,sda1,0,0,0,0,0,0,0
1767829684,sda2,0,0,0,0,0,0,0
1767829684,sda3,0,0,0,0,0,0,0
1767829684,sda4,0.4,0,0.4,0,0,3.2,0
1767829684,sdb,0,0,0,0,0,0,0
1767829684,sdb1,0,0,0,0,0,0,0
1767829684,sr0,0,0,0,0,0,0,0
1767829689,sda,0.2,0,0.2,0,0,1.6,0
1767829689,sda1,0,0,0,0,0,0,0
1767829689,sda2,0,0,0,0,0,0,0
1767829689,sda3,0,0,0,0,0,0,0
1767829689,sda4,0.2,0,0.2,0,0,1.6,0
1767829689,sdb,0,0,0,0,0,0,0
1767829689,sdb1,0,0,0,0,0,0,0
1767829689,sr0,0,0,0,0,0,0,0
1767829694,sda,0,0,0,0,0,0,0
1767829694,sda1,0,0,0,0,0,0,0
1767829694,sda2,0,0,0,0,0,0,0
1767829694,sda3,0,0,0,0,0,0,0
1767829694,sda4,0,0,0,0,0,0,0
1767829694,sdb,0,0,0,0,0,0,0
1767829694,sdb1,0,0,0,0,0,0,0
1767829694,sr0,0,0,0,0,0,0,0
1767829699,sda,0.4,0,0.4,0,0,3.2,0
1767829699,sda1,0,0,0,0,0,0,0
1767829699,sda2,0,0,0,0,0,0,0
1767829699,sda3,0,0,0,0,0,0,0
1767829699,sda4,0.4,0,0.4,0,0,3.2,0
1767829699,sdb,0,0,0,0,0,0,0
1767829699,sdb1,0,0,0,0,0,0,0
1767829699,sr0,0,0,0,0,0,0,0
1767829704,sda,0.8,0,0.8,0,0,23.799999999999997,0
1767829704,sda1,0,0,0,0,0,0,0
1767829704,sda2,0,0,0,0,0,0,0
1767829704,sda3,0,0,0,0,0,0,0
1767829704,sda4,0.8,0,0.8,0,0,23.799999999999997,0
1767829704,sdb,0,0,0,0,0,0,0
1767829704,sdb1,0,0,0,0,0,0,0
1767829704,sr0,0,0,0,0,0,0,0
1767829709,sda,0.2,0,0.2,0,0,1.6,0
1767829709,sda1,0,0,0,0,0,0,0
1767829709,sda2,0,0,0,0,0,0,0
1767829709,sda3,0,0,0,0,0,0,0
1767829709,sda4,0.2,0,0.2,0,0,1.6,0
1767829709,sdb,0,0,0,0,0,0,0
1767829709,sdb1,0,0,0,0,0,0,0
1767829709,sr0,0,0,0,0,0,0,0
1767829714,sda,0.8,0,0.8,0,0,6.4,0
1767829714,sda1,0,0,0,0,0,0,0
1767829714,sda2,0,0,0,0,0,0,0
1767829714,sda3,0,0,0,0,0,0,0
1767829714,sda4,0.8,0,0.8,0,0,6.4,0
1767829714,sdb,0,0,0,0,0,0,0
1767829714,sdb1,0,0,0,0,0,0,0
1767829714,sr0,0,0,0,0,0,0,0
1767829719,sda,0.2,0,0.2,0,0,1.6,0
1767829719,sda1,0,0,0,0,0,0,0
1767829719,sda2,0,0,0,0,0,0,0
1767829719,sda3,0,0,0,0,0,0,0
1767829719,sda4,0.2,0,0.2,0,0,1.6,0
1767829719,sdb,0,0,0,0,0,0,0
1767829719,sdb1,0,0,0,0,0,0,0
1767829719,sr0,0,0,0,0,0,0,0
1767829724,sda,0,0,0,0,0,0,0
1767829724,sda1,0,0,0,0,0,0,0
1767829724,sda2,0,0,0,0,0,0,0
1767829724,sda3,0,0,0,0,0,0,0
1767829724,sda4,0,0,0,0,0,0,0
1767829724,sdb,0,0,0,0,0,0,0
1767829724,sdb1,0,0,0,0,0,0,0
1767829724,sr0,0,0,0,0,0,0,0
1767829729,sda,0.2,0,0.2,0,0,1.6,0
1767829729,sda1,0,0,0,0,0,0,0
1767829729,sda2,0,0,0,0,0,0,0
1767829729,sda3,0,0,0,0,0,0,0
1767829729,sda4,0.2,0,0.2,0,0,1.6,0
1767829729,sdb,0,0,0,0,0,0,0
1767829729,sdb1,0,0,0,0,0,0,0
1767829729,sr0,0,0,0,0,0,0,0
1767829734,sda,2.6,0,2.6,0,0,39,0
1767829734,sda1,0,0,0,0,0,0,0
1767829734,sda2,0,0,0,0,0,0,0
1767829734,sda3,0,0,0,0,0,0,0
1767829734,sda4,2.6,0,2.6,0,0,39,0
1767829734,sdb,0,0,0,0,0,0,0
1767829734,sdb1,0,0,0,0,0,0,0
1767829734,sr0,0,0,0,0,0,0,0
1767829739,sda,0.6,0,0.6,0,0,16,0
1767829739,sda1,0,0,0,0,0,0,0
1767829739,sda2,0,0,0,0,0,0,0
1767829739,sda3,0,0,0,0,0,0,0
1767829739,sda4,0.6,0,0.6,0,0,16,0
1767829739,sdb,0,0,0,0,0,0,0
1767829739,sdb1,0,0,0,0,0,0,0
1767829739,sr0,0,0,0,0,0,0,0
1767829744,sda,0.4,0,0.4,0,0,3.2,0
1767829744,sda1,0,0,0,0,0,0,0
1767829744,sda2,0,0,0,0,0,0,0
1767829744,sda3,0,0,0,0,0,0,0
1767829744,sda4,0.4,0,0.4,0,0,3.2,0
1767829744,sdb,0,0,0,0,0,0,0
1767829744,sdb1,0,0,0,0,0,0,0
1767829744,sr0,0,0,0,0,0,0,0
1767829749,sda,0.2,0,0.2,0,0,1.6,0
1767829749,sda1,0,0,0,0,0,0,0
1767829749,sda2,0,0,0,0,0,0,0
1767829749,sda3,0,0,0,0,0,0,0
1767829749,sda4,0.2,0,0.2,0,0,1.6,0
1767829749,sdb,0,0,0,0,0,0,0
1767829749,sdb1,0,0,0,0,0,0,0
1767829749,sr0,0,0,0,0,0,0,0
1767829754,sda,0,0,0,0,0,0,0
1767829754,sda1,0,0,0,0,0,0,0
1767829754,sda2,0,0,0,0,0,0,0
1767829754,sda3,0,0,0,0,0,0,0
1767829754,sda4,0,0,0,0,0,0,0
1767829754,sdb,0,0,0,0,0,0,0
1767829754,sdb1,0,0,0,0,0,0,0
1767829754,sr0,0,0,0,0,0,0,0
1767829759,sda,0.4,0,0.4,0,0,3.2,0
1767829759,sda1,0,0,0,0,0,0,0
1767829759,sda2,0,0,0,0,0,0,0
1767829759,sda3,0,0,0,0,0,0,0
1767829759,sda4,0.4,0,0.4,0,0,3.2,0
1767829759,sdb,0,0,0,0,0,0,0
1767829759,sdb1,0,0,0,0,0,0,0
1767829759,sr0,0,0,0,0,0,0,0
1767829764,sda,0.4,0,0.4,0,0,4.3999999999999995,0
1767829764,sda1,0,0,0,0,0,0,0
1767829764,sda2,0,0,0,0,0,0,0
1767829764,sda3,0,0,0,0,0,0,0
1767829764,sda4,0.4,0,0.4,0,0,4.3999999999999995,0
1767829764,sdb,0,0,0,0,0,0,0
1767829764,sdb1,0,0,0,0,0,0,0
1767829764,sr0,0,0,0,0,0,0,0
1767829769,sda,0.2,0,0.2,0,0,1.6,0
1767829769,sda1,0,0,0,0,0,0,0
1767829769,sda2,0,0,0,0,0,0,0
1767829769,sda3,0,0,0,0,0,0,0
1767829769,sda4,0.2,0,0.2,0,0,1.6,0
1767829769,sdb,0,0,0,0,0,0,0
1767829769,sdb1,0,0,0,0,0,0,0
1767829769,sr0,0,0,0,0,0,0,0
1767829774,sda,1,0,1,0,0,22.400000000000002,0
1767829774,sda1,0,0,0,0,0,0,0
1767829774,sda2,0,0,0,0,0,0,0
1767829774,sda3,0,0,0,0,0,0,0
1767829774,sda4,1,0,1,0,0,22.400000000000002,0
1767829774,sdb,0,0,0,0,0,0,0
1767829774,sdb1,0,0,0,0,0,0,0
1767829774,sr0,0,0,0,0,0,0,0
1767829779,sda,0.2,0,0.2,0,0,1.6,0
1767829779,sda1,0,0,0,0,0,0,0
1767829779,sda2,0,0,0,0,0,0,0
1767829779,sda3,0,0,0,0,0,0,0
1767829779,sda4,0.2,0,0.2,0,0,1.6,0
1767829779,sdb,0,0,0,0,0,0,0
1767829779,sdb1,0,0,0,0,0,0,0
1767829779,sr0,0,0,0,0,0,0,0
1767829784,sda,0,0,0,0,0,0,0
1767829784,sda1,0,0,0,0,0,0,0
1767829784,sda2,0,0,0,0,0,0,0
1767829784,sda3,0,0,0,0,0,0,0
1767829784,sda4,0,0,0,0,0,0,0
1767829784,sdb,0,0,0,0,0,0,0
1767829784,sdb1,0,0,0,0,0,0,0
1767829784,sr0,0,0,0,0,0,0,0
1767829789,sda,0.2,0,0.2,0,0,1.6,0
1767829789,sda1,0,0,0,0,0,0,0
1767829789,sda2,0,0,0,0,0,0,0
1767829789,sda3,0,0,0,0,0,0,0
1767829789,sda4,0.2,0,0.2,0,0,1.6,0
1767829789,sdb,0,0,0,0,0,0,0
1767829789,sdb1,0,0,0,0,0,0,0
1767829789,sr0,0,0,0,0,0,0,0
1767829794,sda,2.1999999999999997,0,2.1999999999999997,0,0,35.6,0
1767829794,sda1,0,0,0,0,0,0,0
1767829794,sda2,0,0,0,0,0,0,0
1767829794,sda3,0,0,0,0,0,0,0
1767829794,sda4,2.1999999999999997,0,2.1999999999999997,0,0,35.6,0
1767829794,sdb,0,0,0,0,0,0,0
1767829794,sdb1,0,0,0,0,0,0,0
1767829794,sr0,0,0,0,0,0,0,0
1767829799,sda,0.2,0,0.2,0,0,1.6,0
1767829799,sda1,0,0,0,0,0,0,0
1767829799,sda2,0,0,0,0,0,0,0
1767829799,sda3,0,0,0,0,0,0,0
1767829799,sda4,0.2,0,0.2,0,0,1.6,0
1767829799,sdb,0,0,0,0,0,0,0
1767829799,sdb1,0,0,0,0,0,0,0
1767829799,sr0,0,0,0,0,0,0,0
1767829804,sda,0.4,0,0.4,0,0,3.2,0
1767829804,sda1,0,0,0,0,0,0,0
1767829804,sda2,0,0,0,0,0,0,0
1767829804,sda3,0,0,0,0,0,0,0
1767829804,sda4,0.4,0,0.4,0,0,3.2,0
1767829804,sdb,0,0,0,0,0,0,0
1767829804,sdb1,0,0,0,0,0,0,0
1767829804,sr0,0,0,0,0,0,0,0
1767829809,sda,0.4,0,0.4,0,0,16,0
1767829809,sda1,0,0,0,0,0,0,0
1767829809,sda2,0,0,0,0,0,0,0
1767829809,sda3,0,0,0,0,0,0,0
1767829809,sda4,0.4,0,0.4,0,0,16,0
1767829809,sdb,0,0,0,0,0,0,0
1767829809,sdb1,0,0,0,0,0,0,0
1767829809,sr0,0,0,0,0,0,0,0
1767829814,sda,0,0,0,0,0,0,0
1767829814,sda1,0,0,0,0,0,0,0
1767829814,sda2,0,0,0,0,0,0,0
1767829814,sda3,0,0,0,0,0,0,0
1767829814,sda4,0,0,0,0,0,0,0
1767829814,sdb,0,0,0,0,0,0,0
1767829814,sdb1,0,0,0,0,0,0,0
1767829814,sr0,0,0,0,0,0,0,0
1767829819,sda,0.2,0,0.2,0,0,1.6,0
1767829819,sda1,0,0,0,0,0,0,0
1767829819,sda2,0,0,0,0,0,0,0
1767829819,sda3,0,0,0,0,0,0,0
1767829819,sda4,0.2,0,0.2,0,0,1.6,0
1767829819,sdb,0,0,0,0,0,0,0
1767829819,sdb1,0,0,0,0,0,0,0
1767829819,sr0,0,0,0,0,0,0,0
1767829824,sda,0.2,0,0.2,0,0,1.6,0
1767829824,sda1,0,0,0,0,0,0,0
1767829824,sda2,0,0,0,0,0,0,0
1767829824,sda3,0,0,0,0,0,0,0
1767829824,sda4,0.2,0,0.2,0,0,1.6,0
1767829824,sdb,0,0,0,0,0,0,0
1767829824,sdb1,0,0,0,0,0,0,0
1767829824,sr0,0,0,0,0,0,0,0
1767829829,sda,0.4,0,0.4,0,0,4.3999999999999995,0
1767829829,sda1,0,0,0,0,0,0,0
1767829829,sda2,0,0,0,0,0,0,0
1767829829,sda3,0,0,0,0,0,0,0
1767829829,sda4,0.4,0,0.4,0,0,4.3999999999999995,0
1767829829,sdb,0,0,0,0,0,0,0
1767829829,sdb1,0,0,0,0,0,0,0
1767829829,sr0,0,0,0,0,0,0,0
1767829834,sda,0.8,0,0.8,0,0,6.4,0
1767829834,sda1,0,0,0,0,0,0,0
1767829834,sda2,0,0,0,0,0,0,0
1767829834,sda3,0,0,0,0,0,0,0
1767829834,sda4,0.8,0,0.8,0,0,6.4,0
1767829834,sdb,0,0,0,0,0,0,0
1767829834,sdb1,0,0,0,0,0,0,0
1767829834,sr0,0,0,0,0,0,0,0
1767829839,sda,0.2,0,0.2,0,0,1.6,0
1767829839,sda1,0,0,0,0,0,0,0
1767829839,sda2,0,0,0,0,0,0,0
1767829839,sda3,0,0,0,0,0,0,0
1767829839,sda4,0.2,0,0.2,0,0,1.6,0
1767829839,sdb,0,0,0,0,0,0,0
1767829839,sdb1,0,0,0,0,0,0,0
1767829839,sr0,0,0,0,0,0,0,0
1767829844,sda,0.2,0,0.2,0,0,14.399999999999999,0
1767829844,sda1,0,0,0,0,0,0,0
1767829844,sda2,0,0,0,0,0,0,0
1767829844,sda3,0,0,0,0,0,0,0
1767829844,sda4,0.2,0,0.2,0,0,14.399999999999999,0
1767829844,sdb,0,0,0,0,0,0,0
1767829844,sdb1,0,0,0,0,0,0,0
1767829844,sr0,0,0,0,0,0,0,0
1767829849,sda,0.2,0,0.2,0,0,1.6,0
1767829849,sda1,0,0,0,0,0,0,0
1767829849,sda2,0,0,0,0,0,0,0
1767829849,sda3,0,0,0,0,0,0,0
1767829849,sda4,0.2,0,0.2,0,0,1.6,0
1767829849,sdb,0,0,0,0,0,0,0
1767829849,sdb1,0,0,0,0,0,0,0
1767829849,sr0,0,0,0,0,0,0,0
1767829854,sda,0.4,0,0.4,0,0,3.2,0
1767829854,sda1,0,0,0,0,0,0,0
1767829854,sda2,0,0,0,0,0,0,0
1767829854,sda3,0,0,0,0,0,0,0
1767829854,sda4,0.4,0,0.4,0,0,3.2,0
1767829854,sdb,0,0,0,0,0,0,0
1767829854,sdb1,0,0,0,0,0,0,0
1767829854,sr0,0,0,0,0,0,0,0
1767829859,sda,2.1999999999999997,0,2.1999999999999997,0,0,35.6,0
1767829859,sda1,0,0,0,0,0,0,0
1767829859,sda2,0,0,0,0,0,0,0
1767829859,sda3,0,0,0,0,0,0,0
1767829859,sda4,2.1999999999999997,0,2.1999999999999997,0,0,35.6,0
1767829859,sdb,0,0,0,0,0,0,0
1767829859,sdb1,0,0,0,0,0,0,0
1767829859,sr0,0,0,0,0,0,0,0
1767829864,sda,1.2,0,1.2,0,0,11.200000000000001,0
1767829864,sda1,0,0,0,0,0,0,0
1767829864,sda2,0,0,0,0,0,0,0
1767829864,sda3,0,0,0,0,0,0,0
1767829864,sda4,1.2,0,1.2,0,0,11.200000000000001,0
1767829864,sdb,0,0,0,0,0,0,0
1767829864,sdb1,0,0,0,0,0,0,0
1767829864,sr0,0,0,0,0,0,0,0
1767829869,sda,0.2,0,0.2,0,0,1.6,0
1767829869,sda1,0,0,0,0,0,0,0
1767829869,sda2,0,0,0,0,0,0,0
1767829869,sda3,0,0,0,0,0,0,0
1767829869,sda4,0.2,0,0.2,0,0,1.6,0
1767829869,sdb,0,0,0,0,0,0,0
1767829869,sdb1,0,0,0,0,0,0,0
1767829869,sr0,0,0,0,0,0,0,0
1767829874,sda,0,0,0,0,0,0,0
1767829874,sda1,0,0,0,0,0,0,0
1767829874,sda2,0,0,0,0,0,0,0
1767829874,sda3,0,0,0,0,0,0,0
1767829874,sda4,0,0,0,0,0,0,0
1767829874,sdb,0,0,0,0,0,0,0
1767829874,sdb1,0,0,0,0,0,0,0
1767829874,sr0,0,0,0,0,0,0,0
1767829879,sda,0.2,0,0.2,0,0,1.6,0
1767829879,sda1,0,0,0,0,0,0,0
1767829879,sda2,0,0,0,0,0,0,0
1767829879,sda3,0,0,0,0,0,0,0
1767829879,sda4,0.2,0,0.2,0,0,1.6,0
1767829879,sdb,0,0,0,0,0,0,0
1767829879,sdb1,0,0,0,0,0,0,0
1767829879,sr0,0,0,0,0,0,0,0
1767829884,sda,0.2,0,0.2,0,0,1.6,0
1767829884,sda1,0,0,0,0,0,0,0
1767829884,sda2,0,0,0,0,0,0,0
1767829884,sda3,0,0,0,0,0,0,0
1767829884,sda4,0.2,0,0.2,0,0,1.6,0
1767829884,sdb,0,0,0,0,0,0,0
1767829884,sdb1,0,0,0,0,0,0,0
1767829884,sr0,0,0,0,0,0,0,0
1767829889,sda,0.6,0,0.6,0,0,10.6,0
1767829889,sda1,0,0,0,0,0,0,0
1767829889,sda2,0,0,0,0,0,0,0
1767829889,sda3,0,0,0,0,0,0,0
1767829889,sda4,0.6,0,0.6,0,0,10.6,0
1767829889,sdb,0,0,0,0,0,0,0
1767829889,sdb1,0,0,0,0,0,0,0
1767829889,sr0,0,0,0,0,0,0,0
1767829894,sda,0.2,0,0.2,0,0,1.6,0
1767829894,sda1,0,0,0,0,0,0,0
1767829894,sda2,0,0,0,0,0,0,0
1767829894,sda3,0,0,0,0,0,0,0
1767829894,sda4,0.2,0,0.2,0,0,1.6,0
1767829894,sdb,0,0,0,0,0,0,0
1767829894,sdb1,0,0,0,0,0,0,0
1767829894,sr0,0,0,0,0,0,0,0
1767829899,sda,0.6,0,0.6,0,0,19.2,0
1767829899,sda1,0,0,0,0,0,0,0
1767829899,sda2,0,0,0,0,0,0,0
1767829899,sda3,0,0,0,0,0,0,0
1767829899,sda4,0.6,0,0.6,0,0,19.2,0
1767829899,sdb,0,0,0,0,0,0,0
1767829899,sdb1,0,0,0,0,0,0,0
1767829899,sr0,0,0,0,0,0,0,0
1767829904,sda,0.2,0,0.2,0,0,1.6,0
1767829904,sda1,0,0,0,0,0,0,0
1767829904,sda2,0,0,0,0,0,0,0
1767829904,sda3,0,0,0,0,0,0,0
1767829904,sda4,0.2,0,0.2,0,0,1.6,0
1767829904,sdb,0,0,0,0,0,0,0
1767829904,sdb1,0,0,0,0,0,0,0
1767829904,sr0,0,0,0,0,0,0,0
1767829909,sda,0.2,0,0.2,0,0,1.6,0
1767829909,sda1,0,0,0,0,0,0,0
1767829909,sda2,0,0,0,0,0,0,0
1767829909,sda3,0,0,0,0,0,0,0
1767829909,sda4,0.2,0,0.2,0,0,1.6,0
1767829909,sdb,0,0,0,0,0,0,0
1767829909,sdb1,0,0,0,0,0,0,0
1767829909,sr0,0,0,0,0,0,0,0
1767829914,sda,0.8,0,0.8,0,0,12.8,0
1767829914,sda1,0,0,0,0,0,0,0
1767829914,sda2,0,0,0,0,0,0,0
1767829914,sda3,0,0,0,0,0,0,0
1767829914,sda4,0.8,0,0.8,0,0,12.8,0
1767829914,sdb,0,0,0,0,0,0,0
1767829914,sdb1,0,0,0,0,0,0,0
1767829914,sr0,0,0,0,0,0,0,0
1767829919,sda,2.1999999999999997,0,2.1999999999999997,0,0,35.4,0
1767829919,sda1,0,0,0,0,0,0,0
1767829919,sda2,0,0,0,0,0,0,0
1767829919,sda3,0,0,0,0,0,0,0
1767829919,sda4,2.1999999999999997,0,2.1999999999999997,0,0,35.4,0
1767829919,sdb,0,0,0,0,0,0,0
1767829919,sdb1,0,0,0,0,0,0,0
1767829919,sr0,0,0,0,0,0,0,0
1767829924,sda,0.4,0,0.4,0,0,3.2,0
1767829924,sda1,0,0,0,0,0,0,0
1767829924,sda2,0,0,0,0,0,0,0
1767829924,sda3,0,0,0,0,0,0,0
1767829924,sda4,0.4,0,0.4,0,0,3.2,0
1767829924,sdb,0,0,0,0,0,0,0
1767829924,sdb1,0,0,0,0,0,0,0
1767829924,sr0,0,0,0,0,0,0,0
1767829929,sda,2,2,0,0,64,0,0
1767829929,sda1,0,0,0,0,0,0,0
1767829929,sda2,0,0,0,0,0,0,0
1767829929,sda3,0,0,0,0,0,0,0
1767829929,sda4,2,2,0,0,64,0,0
1767829929,sdb,0,0,0,0,0,0,0
1767829929,sdb1,0,0,0,0,0,0,0
1767829929,sr0,0,0,0,0,0,0,0
1767829934,sda,0.2,0,0.2,0,0,1.6,0
1767829934,sda1,0,0,0,0,0,0,0
1767829934,sda2,0,0,0,0,0,0,0
1767829934,sda3,0,0,0,0,0,0,0
1767829934,sda4,0.2,0,0.2,0,0,1.6,0
1767829934,sdb,0,0,0,0,0,0,0
1767829934,sdb1,0,0,0,0,0,0,0
1767829934,sr0,0,0,0,0,0,0,0
1767829939,sda,0.2,0,0.2,0,0,1.6,0
1767829939,sda1,0,0,0,0,0,0,0
1767829939,sda2,0,0,0,0,0,0,0
1767829939,sda3,0,0,0,0,0,0,0
1767829939,sda4,0.2,0,0.2,0,0,1.6,0
1767829939,sdb,0,0,0,0,0,0,0
1767829939,sdb1,0,0,0,0,0,0,0
1767829939,sr0,0,0,0,0,0,0,0
1767829944,sda,0.2,0,0.2,0,0,1.6,0
1767829944,sda1,0,0,0,0,0,0,0
1767829944,sda2,0,0,0,0,0,0,0
1767829944,sda3,0,0,0,0,0,0,0
1767829944,sda4,0.2,0,0.2,0,0,1.6,0
1767829944,sdb,0,0,0,0,0,0,0
1767829944,sdb1,0,0,0,0,0,0,0
1767829944,sr0,0,0,0,0,0,0,0
1767829949,sda,1.2,0,1.2,0,0,53.2,0
1767829949,sda1,0,0,0,0,0,0,0
1767829949,sda2,0,0,0,0,0,0,0
1767829949,sda3,0,0,0,0,0,0,0
1767829949,sda4,1.2,0,1.2,0,0,53.2,0
1767829949,sdb,0,0,0,0,0,0,0
1767829949,sdb1,0,0,0,0,0,0,0
1767829949,sr0,0,0,0,0,0,0,0
1767829954,sda,1,0,1,0,0,9.6,0
1767829954,sda1,0,0,0,0,0,0,0
1767829954,sda2,0,0,0,0,0,0,0
1767829954,sda3,0,0,0,0,0,0,0
1767829954,sda4,1,0,1,0,0,9.6,0
1767829954,sdb,0,0,0,0,0,0,0
1767829954,sdb1,0,0,0,0,0,0,0
1767829954,sr0,0,0,0,0,0,0,0
1767829959,sda,0.8,0,0.8,0,0,11.200000000000001,0
1767829959,sda1,0,0,0,0,0,0,0
1767829959,sda2,0,0,0,0,0,0,0
1767829959,sda3,0,0,0,0,0,0,0
1767829959,sda4,0.8,0,0.8,0,0,11.200000000000001,0
1767829959,sdb,0,0,0,0,0,0,0
1767829959,sdb1,0,0,0,0,0,0,0
1767829959,sr0,0,0,0,0,0,0,0
1767829964,sda,0.2,0,0.2,0,0,1.6,0
1767829964,sda1,0,0,0,0,0,0,0
1767829964,sda2,0,0,0,0,0,0,0
1767829964,sda3,0,0,0,0,0,0,0
1767829964,sda4,0.2,0,0.2,0,0,1.6,0
1767829964,sdb,0,0,0,0,0,0,0
1767829964,sdb1,0,0,0,0,0,0,0
1767829964,sr0,0,0,0,0,0,0,0
1767829969,sda,0.2,0,0.2,0,0,1.6,0
1767829969,sda1,0,0,0,0,0,0,0
1767829969,sda2,0,0,0,0,0,0,0
1767829969,sda3,0,0,0,0,0,0,0
1767829969,sda4,0.2,0,0.2,0,0,1.6,0
1767829969,sdb,0,0,0,0,0,0,0
1767829969,sdb1,0,0,0,0,0,0,0
1767829969,sr0,0,0,0,0,0,0,0
1767829974,sda,0.6,0,0.6,0,0,5,0
1767829974,sda1,0,0,0,0,0,0,0
1767829974,sda2,0,0,0,0,0,0,0
1767829974,sda3,0,0,0,0,0,0,0
1767829974,sda4,0.6,0,0.6,0,0,5,0
1767829974,sdb,0,0,0,0,0,0,0
1767829974,sdb1,0,0,0,0,0,0,0
1767829974,sr0,0,0,0,0,0,0,0
1767829979,sda,8,0,8,0,0,199.4,0
1767829979,sda1,0,0,0,0,0,0,0
1767829979,sda2,0,0,0,0,0,0,0
1767829979,sda3,0,0,0,0,0,0,0
1767829979,sda4,8,0,8,0,0,199.4,0
1767829979,sdb,0,0,0,0,0,0,0
1767829979,sdb1,0,0,0,0,0,0,0
1767829979,sr0,0,0,0,0,0,0,0
1767829984,sda,0.4,0,0.4,0,0,3.2,0
1767829984,sda1,0,0,0,0,0,0,0
1767829984,sda2,0,0,0,0,0,0,0
1767829984,sda3,0,0,0,0,0,0,0
1767829984,sda4,0.4,0,0.4,0,0,3.2,0
1767829984,sdb,0,0,0,0,0,0,0
1767829984,sdb1,0,0,0,0,0,0,0
1767829984,sr0,0,0,0,0,0,0,0
1767829989,sda,0,0,0,0,0,0,0
1767829989,sda1,0,0,0,0,0,0,0
1767829989,sda2,0,0,0,0,0,0,0
1767829989,sda3,0,0,0,0,0,0,0
1767829989,sda4,0,0,0,0,0,0,0
1767829989,sdb,0,0,0,0,0,0,0
1767829989,sdb1,0,0,0,0,0,0,0
1767829989,sr0,0,0,0,0,0,0,0
1767829994,sda,0.8,0,0.8,0,0,17.599999999999998,0
1767829994,sda1,0,0,0,0,0,0,0
1767829994,sda2,0,0,0,0,0,0,0
1767829994,sda3,0,0,0,0,0,0,0
1767829994,sda4,0.8,0,0.8,0,0,17.599999999999998,0
1767829994,sdb,0,0,0,0,0,0,0
1767829994,sdb1,0,0,0,0,0,0,0
1767829994,sr0,0,0,0,0,0,0,0
1767829999,sda,1.4000000000000001,0,1.4000000000000001,0,0,14.399999999999999,0
1767829999,sda1,0,0,0,0,0,0,0
1767829999,sda2,0,0,0,0,0,0,0
1767829999,sda3,0,0,0,0,0,0,0
1767829999,sda4,1.4000000000000001,0,1.4000000000000001,0,0,14.399999999999999,0
1767829999,sdb,0,0,0,0,0,0,0
1767829999,sdb1,0,0,0,0,0,0,0
1767829999,sr0,0,0,0,0,0,0,0
1767830004,sda,0.6,0,0.6,0,0,6.4,0
1767830004,sda1,0,0,0,0,0,0,0
1767830004,sda2,0,0,0,0,0,0,0
1767830004,sda3,0,0,0,0,0,0,0
1767830004,sda4,0.6,0,0.6,0,0,6.4,0
1767830004,sdb,0,0,0,0,0,0,0
1767830004,sdb1,0,0,0,0,0,0,0
1767830004,sr0,0,0,0,0,0,0,0
1767830009,sda,1,0,1,0,0,13,0
1767830009,sda1,0,0,0,0,0,0,0
1767830009,sda2,0,0,0,0,0,0,0
1767830009,sda3,0,0,0,0,0,0,0
1767830009,sda4,1,0,1,0,0,13,0
1767830009,sdb,0,0,0,0,0,0,0
1767830009,sdb1,0,0,0,0,0,0,0
1767830009,sr0,0,0,0,0,0,0,0
1767830014,sda,0.4,0,0.4,0,0,4.8,0
1767830014,sda1,0,0,0,0,0,0,0
1767830014,sda2,0,0,0,0,0,0,0
1767830014,sda3,0,0,0,0,0,0,0
1767830014,sda4,0.4,0,0.4,0,0,4.8,0
1767830014,sdb,0,0,0,0,0,0,0
1767830014,sdb1,0,0,0,0,0,0,0
1767830014,sr0,0,0,0,0,0,0,0
1767830019,sda,0.2,0,0.2,0,0,3.2,0
1767830019,sda1,0,0,0,0,0,0,0
1767830019,sda2,0,0,0,0,0,0,0
1767830019,sda3,0,0,0,0,0,0,0
1767830019,sda4,0.2,0,0.2,0,0,3.2,0
1767830019,sdb,0,0,0,0,0,0,0
1767830019,sdb1,0,0,0,0,0,0,0
1767830019,sr0,0,0,0,0,0,0,0
1767830024,sda,0.2,0,0.2,0,0,1.6,0
1767830024,sda1,0,0,0,0,0,0,0
1767830024,sda2,0,0,0,0,0,0,0
1767830024,sda3,0,0,0,0,0,0,0
1767830024,sda4,0.2,0,0.2,0,0,1.6,0
1767830024,sdb,0,0,0,0,0,0,0
1767830024,sdb1,0,0,0,0,0,0,0
1767830024,sr0,0,0,0,0,0,0,0
1767830029,sda,0.8,0,0.8,0,0,9.6,0
1767830029,sda1,0,0,0,0,0,0,0
1767830029,sda2,0,0,0,0,0,0,0
1767830029,sda3,0,0,0,0,0,0,0
1767830029,sda4,0.8,0,0.8,0,0,9.6,0
1767830029,sdb,0,0,0,0,0,0,0
1767830029,sdb1,0,0,0,0,0,0,0
1767830029,sr0,0,0,0,0,0,0,0
1767830034,sda,0.2,0,0.2,0,0,1.6,0
1767830034,sda1,0,0,0,0,0,0,0
1767830034,sda2,0,0,0,0,0,0,0
1767830034,sda3,0,0,0,0,0,0,0
1767830034,sda4,0.2,0,0.2,0,0,1.6,0
1767830034,sdb,0,0,0,0,0,0,0
1767830034,sdb1,0,0,0,0,0,0,0
1767830034,sr0,0,0,0,0,0,0,0
1767830039,sda,0.2,0,0.2,0,0,1.6,0
1767830039,sda1,0,0,0,0,0,0,0
1767830039,sda2,0,0,0,0,0,0,0
1767830039,sda3,0,0,0,0,0,0,0
1767830039,sda4,0.2,0,0.2,0,0,1.6,0
1767830039,sdb,0,0,0,0,0,0,0
1767830039,sdb1,0,0,0,0,0,0,0
1767830039,sr0,0,0,0,0,0,0,0
1767830044,sda,4.6,0,4.6,0,0,74.2,0
1767830044,sda1,0,0,0,0,0,0,0
1767830044,sda2,0,0,0,0,0,0,0
1767830044,sda3,0,0,0,0,0,0,0
1767830044,sda4,4.6,0,4.6,0,0,74.2,0
1767830044,sdb,0,0,0,0,0,0,0
1767830044,sdb1,0,0,0,0,0,0,0
1767830044,sr0,0,0,0,0,0,0,0
1767830049,sda,0.6,0,0.6,0,0,8,0
1767830049,sda1,0,0,0,0,0,0,0
1767830049,sda2,0,0,0,0,0,0,0
1767830049,sda3,0,0,0,0,0,0,0
1767830049,sda4,0.6,0,0.6,0,0,8,0
1767830049,sdb,0,0,0,0,0,0,0
1767830049,sdb1,0,0,0,0,0,0,0
1767830049,sr0,0,0,0,0,0,0,0
1767830054,sda,0.2,0,0.2,0,0,1.6,0
1767830054,sda1,0,0,0,0,0,0,0
1767830054,sda2,0,0,0,0,0,0,0
1767830054,sda3,0,0,0,0,0,0,0
1767830054,sda4,0.2,0,0.2,0,0,1.6,0
1767830054,sdb,0,0,0,0,0,0,0
1767830054,sdb1,0,0,0,0,0,0,0
1767830054,sr0,0,0,0,0,0,0,0
1767830059,sda,0.2,0,0.2,0,0,1.6,0
1767830059,sda1,0,0,0,0,0,0,0
1767830059,sda2,0,0,0,0,0,0,0
1767830059,sda3,0,0,0,0,0,0,0
1767830059,sda4,0.2,0,0.2,0,0,1.6,0
1767830059,sdb,0,0,0,0,0,0,0
1767830059,sdb1,0,0,0,0,0,0,0
1767830059,sr0,0,0,0,0,0,0,0
1767830064,sda,0.2,0,0.2,0,0,1.6,0
1767830064,sda1,0,0,0,0,0,0,0
1767830064,sda2,0,0,0,0,0,0,0
1767830064,sda3,0,0,0,0,0,0,0
1767830064,sda4,0.2,0,0.2,0,0,1.6,0
1767830064,sdb,0,0,0,0,0,0,0
1767830064,sdb1,0,0,0,0,0,0,0
1767830064,sr0,0,0,0,0,0,0,0
1767830069,sda,0.2,0,0.2,0,0,1.6,0
1767830069,sda1,0,0,0,0,0,0,0
1767830069,sda2,0,0,0,0,0,0,0
1767830069,sda3,0,0,0,0,0,0,0
1767830069,sda4,0.2,0,0.2,0,0,1.6,0
1767830069,sdb,0,0,0,0,0,0,0
1767830069,sdb1,0,0,0,0,0,0,0
1767830069,sr0,0,0,0,0,0,0,0
1767830074,sda,0.6,0,0.6,0,0,10.8,0
1767830074,sda1,0,0,0,0,0,0,0
1767830074,sda2,0,0,0,0,0,0,0
1767830074,sda3,0,0,0,0,0,0,0
1767830074,sda4,0.6,0,0.6,0,0,10.8,0
1767830074,sdb,0,0,0,0,0,0,0
1767830074,sdb1,0,0,0,0,0,0,0
1767830074,sr0,0,0,0,0,0,0,0
1767830079,sda,0,0,0,0,0,0,0
1767830079,sda1,0,0,0,0,0,0,0
1767830079,sda2,0,0,0,0,0,0,0
1767830079,sda3,0,0,0,0,0,0,0
1767830079,sda4,0,0,0,0,0,0,0
1767830079,sdb,0,0,0,0,0,0,0
1767830079,sdb1,0,0,0,0,0,0,0
1767830079,sr0,0,0,0,0,0,0,0
