#timestamp,kbmemfree,kbavail,kbmemused,%memused,kbbuffers,kbcached,kbcommit,%commit,kbactive,kbinact,kbdirty
1767829434,3329820,3516392,164268,4.153266423136203,4008,400292,306080,7.738767056234501,208224,274408,44
1767829439,3329820,3516396,164264,4.153165289222765,4008,400296,306080,7.738767056234501,208224,274460,48
1767829444,3338088,3524668,156088,3.9464475701565958,4008,400300,306080,7.738767056234501,208224,274500,56
1767829449,3336328,3522912,157844,3.990845358155641,4008,400304,306080,7.738767056234501,208224,274708,60
1767829454,3332232,3518820,161936,4.094305351602164,4008,400308,306080,7.738767056234501,208224,274748,40
1767829459,3332232,3518820,161960,4.094912155082788,4008,400312,306080,7.738767056234501,208224,274768,44
1767829464,3332232,3518828,161956,4.094811021169351,4008,400316,306080,7.738767056234501,208224,274872,12
1767829469,3331980,3518584,162200,4.100980189889036,4008,400324,306080,7.738767056234501,208224,274908,20
1767829474,3331980,3518588,162196,4.100879055975598,4008,400328,306080,7.738767056234501,208224,274928,24
1767829479,3331980,3518592,162192,4.100777922062162,4008,400332,306080,7.738767056234501,208224,274956,24
1767829484,3331980,3518592,162188,4.100676788148724,4008,400336,306080,7.738767056234501,208224,274956,28
1767829489,3331980,3518600,162184,4.1005756542352865,4008,400340,306080,7.738767056234501,208224,274980,32
1767829494,3327236,3513864,166860,4.218801199043678,4008,400344,306080,7.738767056234501,208224,275024,8
1767829499,3327236,3513868,166856,4.21870006513024,4008,400348,306080,7.738767056234501,208224,275036,16
1767829504,3337404,3524148,156600,3.9593927110765903,4008,400452,306080,7.738767056234501,208372,275004,24
1767829509,3335896,3522648,158104,3.9974190625290764,4008,400460,306080,7.738767056234501,208372,275032,32
1767829514,3335896,3522648,158100,3.997317928615639,4008,400464,306080,7.738767056234501,208372,275032,36
1767829519,3335896,3522656,158096,3.9972167947022013,4008,400468,306080,7.738767056234501,208372,275096,40
1767829524,3331800,3518564,162188,4.100676788148724,4008,400472,310176,7.842328183594462,208372,277160,36
1767829529,3331800,3518568,162184,4.1005756542352865,4008,400476,310176,7.842328183594462,208372,277168,4
1767829534,3331800,3518572,162180,4.100474520321849,4008,400480,310176,7.842328183594462,208372,277184,8
1767829539,3331548,3518324,162428,4.106744822954971,4008,400484,310176,7.842328183594462,208372,277192,12
1767829544,3331548,3518324,162424,4.106643689041533,4008,400488,310176,7.842328183594462,208372,277200,16
1767829549,3331324,3518112,162640,4.112104920367156,4008,400496,310176,7.842328183594462,208372,277220,24
1767829554,3331324,3518116,162636,4.112003786453719,4008,400500,310176,7.842328183594462,208372,277228,28
1767829559,3327808,3514604,166116,4.19999029114431,4008,400504,310176,7.842328183594462,208372,277256,40
1767829564,3335132,3521936,158824,4.015623166947819,4008,400512,310176,7.842328183594462,208372,277264,16
1767829569,3333624,3520432,160328,4.053649518400304,4008,400516,310752,7.856891467129455,208372,277708,24
1767829574,3333400,3520208,160548,4.059211883639365,4008,400520,310752,7.856891467129455,208372,277716,28
1767829579,3333400,3520216,160568,4.059717553206552,4008,400524,311008,7.863364037589453,208372,277756,32
1767829584,3333400,3520220,160564,4.059616419293115,4008,400528,311008,7.863364037589453,208372,277764,36
1767829589,3333400,3520228,160556,4.05941415146624,4008,400536,311008,7.863364037589453,208372,277792,36
1767829594,3333148,3519980,160804,4.065684454099363,4008,400540,311008,7.863364037589453,208372,277800,32
1767829599,3333148,3519984,160800,4.065583320185925,4008,400544,311008,7.863364037589453,208372,277832,0
1767829604,3333148,3519984,160796,4.0654821862724875,4008,400548,311008,7.863364037589453,208372,277832,8
1767829609,3329052,3515896,164888,4.16894217971901,4008,400552,311008,7.863364037589453,208372,279184,12
1767829614,3329052,3515900,164884,4.168841045805572,4008,400556,311008,7.863364037589453,208372,279196,16
1767829619,3325788,3512640,168068,4.249343640901791,4008,400560,311008,7.863364037589453,208376,279212,28
1767829624,3333592,3520460,160204,4.050514367083743,4008,400576,311008,7.863364037589453,208380,279268,40
1767829629,3332084,3518960,161704,4.08843958462279,4008,400584,311008,7.863364037589453,208380,279276,48
1767829634,3332084,3518960,161700,4.088338450709354,4008,400588,311008,7.863364037589453,208380,279276,52
1767829639,3332084,3518968,161716,4.088742986363103,4008,400592,311008,7.863364037589453,208380,279312,24
1767829644,3332084,3518972,161712,4.0886418524496655,4008,400596,311008,7.863364037589453,208380,279316,28
1767829649,3332084,3518976,161708,4.088540718536228,4008,400600,311008,7.863364037589453,208380,279332,32
1767829654,3332084,3518980,161704,4.08843958462279,4008,400604,311008,7.863364037589453,208380,279336,24
1767829659,3332084,3518984,161700,4.088338450709354,4008,400608,311008,7.863364037589453,208380,279356,24
1767829664,3332084,3518984,161696,4.088237316795916,4008,400612,311008,7.863364037589453,208380,279356,28
1767829669,3332084,3518996,161704,4.08843958462279,4008,400620,311008,7.863364037589453,208380,279372,4
1767829674,3332084,3519000,161696,4.088237316795916,4008,400624,311008,7.863364037589453,208380,279376,12
1767829679,3332084,3519004,161692,4.0881361828824785,4008,400628,311008,7.863364037589453,208380,279380,16
1767829684,3301128,3488052,192644,4.8707104050615495,4008,400632,311008,7.863364037589453,208400,279364,32
1767829689,3301128,3488056,192636,4.870508137234675,4008,400636,311328,7.87145475066445,208400,279580,36
1767829694,3330728,3517660,163028,4.12191490997059,4008,400640,311328,7.87145475066445,208400,279852,40
1767829699,3329972,3516908,163788,4.141130353523708,4008,400644,311328,7.87145475066445,208400,279964,40
1767829704,3329972,3516912,163784,4.141029219610271,4008,400648,311328,7.87145475066445,208400,279984,12
1767829709,3329720,3516668,164028,4.147198388329955,4008,400656,311328,7.87145475066445,208400,279996,24
1767829714,3329720,3516672,164024,4.147097254416518,4008,400660,311328,7.87145475066445,208400,280008,16
1767829719,3329720,3516672,164020,4.14699612050308,4008,400664,311328,7.87145475066445,208400,280012,20
1767829724,3329720,3516680,164016,4.1468949865896425,4008,400668,311328,7.87145475066445,208400,280032,24
1767829729,3329720,3516684,164012,4.146793852676205,4008,400672,311328,7.87145475066445,208400,280052,32
1767829734,3329720,3516688,164008,4.146692718762768,4008,400676,311328,7.87145475066445,208400,280060,36
1767829739,3329720,3516692,164004,4.146591584849331,4008,400680,311328,7.87145475066445,208400,280080,4
1767829744,3331984,3518964,161732,4.089147522016853,4008,400688,311328,7.87145475066445,208400,279716,28
1767829749,3330728,3517708,162980,4.120701303009341,4008,400696,311328,7.87145475066445,208400,279720,36
1767829754,3330728,3517720,162976,4.120600169095903,4008,400700,311328,7.87145475066445,208400,279736,40
1767829759,3330728,3517724,162972,4.1204990351824655,4008,400704,311328,7.87145475066445,208400,279744,40
1767829764,3330728,3517728,162968,4.120397901269028,4008,400708,311328,7.87145475066445,208400,279748,44
1767829769,3330728,3517732,162964,4.12029676735559,4008,400712,311328,7.87145475066445,208400,279768,48
1767829774,3330728,3517736,162960,4.120195633442154,4008,400716,311328,7.87145475066445,208400,279772,0
1767829779,3330728,3517736,162956,4.120094499528716,4008,400720,311328,7.87145475066445,208400,279772,8
1767829784,3330728,3517744,162952,4.1199933656152785,4008,400724,311328,7.87145475066445,208400,279788,12
1767829789,3330728,3517752,162944,4.119791097788403,4008,400732,311328,7.87145475066445,208400,279804,20
1767829794,3330728,3517756,162940,4.119689963874966,4008,400736,311328,7.87145475066445,208400,279808,24
1767829799,3330728,3517760,162936,4.119588829961528,4008,400740,311328,7.87145475066445,208400,279812,28
1767829804,3338732,3525768,154964,3.9180289404806694,4008,400744,311328,7.87145475066445,208408,279808,44
1767829809,3337224,3524264,156464,3.955954158019717,4008,400748,311328,7.87145475066445,208408,279812,12
1767829814,3337224,3524268,156456,3.955751890192842,4008,400752,311328,7.87145475066445,208408,279892,20
1767829819,3337224,3524272,156456,3.955751890192842,4008,400756,311328,7.87145475066445,208408,279896,24
1767829824,3336748,3523800,156928,3.967685691978463,4008,400760,311328,7.87145475066445,208404,279904,32
1767829829,3336748,3523808,156920,3.9674834241515877,4008,400768,311328,7.87145475066445,208404,279912,40
1767829834,3336748,3523812,156916,3.96738229023815,4008,400772,311328,7.87145475066445,208404,279916,32
1767829839,3336748,3523812,156912,3.9672811563247126,4008,400776,311328,7.87145475066445,208404,279916,36
1767829844,3336748,3523820,156908,3.967180022411275,4008,400780,311328,7.87145475066445,208404,279924,4
1767829849,3336748,3523824,156904,3.967078888497838,4008,400784,311328,7.87145475066445,208404,279932,12
1767829854,3336748,3523828,156900,3.9669777545844007,4008,400788,311328,7.87145475066445,208404,279936,12
1767829859,3336748,3523832,156896,3.966876620670963,4008,400792,311328,7.87145475066445,208404,279944,0
1767829864,3305260,3492348,188332,4.761688046375967,4008,400796,311328,7.87145475066445,208404,279948,0
1767829869,3305260,3492356,188324,4.761485778549092,4008,400804,311328,7.87145475066445,208404,279960,20
1767829874,3305260,3492356,188316,4.761283510722217,4008,400812,311328,7.87145475066445,208404,279968,28
1767829879,3305260,3492368,188312,4.7611823768087795,4008,400816,311328,7.87145475066445,208404,279980,32
1767829884,3305260,3492372,188308,4.761081242895342,4008,400820,311328,7.87145475066445,208404,279988,36
1767829889,3305260,3492376,188304,4.760980108981904,4008,400824,311328,7.87145475066445,208404,279996,40
1767829894,3305260,3492380,188296,4.76077784115503,4008,400828,311328,7.87145475066445,208404,280000,44
1767829899,3305260,3492384,188292,4.7606767072415925,4008,400832,311328,7.87145475066445,208404,280012,48
1767829904,3305260,3492388,188288,4.760575573328155,4008,400836,311328,7.87145475066445,208404,280020,16
1767829909,3305260,3492392,188284,4.760474439414717,4008,400840,311328,7.87145475066445,208404,280024,20
1767829914,3305260,3492400,188276,4.760272171587843,4008,400848,311328,7.87145475066445,208404,280040,0
1767829919,3305260,3492404,188284,4.760474439414717,4008,400852,311328,7.87145475066445,208404,280044,8
1767829924,3303764,3490916,189776,4.798197389126891,4008,400856,311328,7.87145475066445,208404,280048,24
1767829929,3303032,3490388,190024,4.804467691760013,4008,400868,311328,7.87145475066445,208404,280080,48
1767829934,3303032,3490392,190004,4.803962022192826,4008,400872,311328,7.87145475066445,208404,280096,52
1767829939,3332152,3519516,160880,4.067605998454674,4008,400876,311328,7.87145475066445,208404,280100,56
1767829944,3332152,3519520,160892,4.067909400194987,4008,400880,311328,7.87145475066445,208404,280104,60
1767829949,3332152,3519524,160992,4.070437748030923,4008,400884,311328,7.87145475066445,208404,280108,32
1767829954,3332152,3519532,160984,4.0702354802040475,4008,400892,311328,7.87145475066445,208404,280116,24
1767829959,3332152,3519536,160980,4.07013434629061,4008,400896,311328,7.87145475066445,208404,280120,0
1767829964,3332152,3519540,160976,4.070033212377173,4008,400900,311328,7.87145475066445,208404,280124,12
1767829969,3332152,3519544,160980,4.07013434629061,4008,400904,311328,7.87145475066445,208404,280128,16
1767829974,3332152,3519552,160972,4.069932078463736,4008,400912,311328,7.87145475066445,208404,280136,32
1767829979,3332152,3519556,161032,4.0714490871652975,4008,400916,311328,7.87145475066445,208404,280140,36
1767829984,3303184,3490512,190144,4.807501709163137,4008,400920,311328,7.87145475066445,208404,280144,44
1767829989,3303184,3490516,190140,4.8074005752497,4008,400924,311328,7.87145475066445,208404,280148,48
1767829994,3303184,3490524,190132,4.807198307422825,4008,400932,311328,7.87145475066445,208404,280420,24
1767829999,3303184,3490528,190128,4.807097173509387,4008,400936,311328,7.87145475066445,208404,280528,0
1767830004,3303184,3490532,190124,4.8069960395959495,4008,400940,311328,7.87145475066445,208404,280540,0
1767830009,3303184,3490540,190116,4.806793771769075,4008,400948,311328,7.87145475066445,208404,280556,0
1767830014,3303184,3490544,190108,4.8065915039422,4008,400952,311328,7.87145475066445,208404,280568,0
1767830019,3303184,3490548,190104,4.8064903700287624,4008,400956,311328,7.87145475066445,208404,280572,8
1767830024,3303184,3490552,190172,4.8082096465571995,4008,400960,307056,7.763443731113242,208796,278848,12
1767830029,3303436,3490808,189964,4.802950683058451,4008,400964,307056,7.763443731113242,208796,278852,0
1767830034,3303436,3490816,189952,4.802647281318139,4008,400972,307056,7.763443731113242,208796,278860,12
1767830039,3303436,3490820,189948,4.802546147404701,4008,400976,310060,7.8393953001047745,208800,280348,20
1767830044,3329584,3516972,163788,4.141130353523708,4008,400980,307056,7.763443731113242,208796,278872,0
1767830049,3327356,3514752,166008,4.197259675481498,4008,400988,307056,7.763443731113242,208796,278884,20
1767830054,3327356,3514752,165988,4.196754005914311,4008,400992,307056,7.763443731113242,208796,278884,8
1767830059,3327356,3514760,165980,4.196551738087436,4008,400996,307056,7.763443731113242,208796,278952,12
1767830064,3327356,3514764,165992,4.196855139827749,4008,401000,307056,7.763443731113242,208796,278956,16
1767830069,3323260,3510672,170072,4.300011731533958,4008,401004,309608,7.827967167886342,208800,279752,24
1767830074,3323260,3510672,170064,4.299809463707084,4008,401012,307056,7.763443731113242,208796,278580,36
1767830079,3323260,3510680,170036,4.299101526313021,4008,401016,307056,7.763443731113242,208796,278588,40
