#timestamp,mount,blocksize,blockstotal,blocksavail,use
1767800531,/,4096,9301568,5874698,37
1767800531,/var/oled,4096,2618880,2586162,1
1767800531,/boot,4096,259584,160217,38
1767800531,/boot/efi,2048,51091,48041,6
1767800536,/,4096,9301568,5874697,37
1767800536,/var/oled,4096,2618880,2586162,1
1767800536,/boot,4096,259584,160217,38
1767800536,/boot/efi,2048,51091,48041,6
1767800541,/,4096,9301568,5874696,37
1767800541,/var/oled,4096,2618880,2586162,1
1767800541,/boot,4096,259584,160217,38
1767800541,/boot/efi,2048,51091,48041,6
1767800546,/,4096,9301568,5874695,37
1767800546,/var/oled,4096,2618880,2586162,1
1767800546,/boot,4096,259584,160217,38
1767800546,/boot/efi,2048,51091,48041,6
1767800551,/,4096,9301568,5874694,37
1767800551,/var/oled,4096,2618880,2586162,1
1767800551,/boot,4096,259584,160217,38
1767800551,/boot/efi,2048,51091,48041,6
1767800556,/,4096,9301568,5874698,37
1767800556,/var/oled,4096,2618880,2586162,1
1767800556,/boot,4096,259584,160217,38
1767800556,/boot/efi,2048,51091,48041,6
1767800561,/,4096,9301568,5874692,37
1767800561,/var/oled,4096,2618880,2586162,1
1767800561,/boot,4096,259584,160217,38
1767800561,/boot/efi,2048,51091,48041,6
1767800566,/,4096,9301568,5874705,37
1767800566,/var/oled,4096,2618880,2586162,1
1767800566,/boot,4096,259584,160217,38
1767800566,/boot/efi,2048,51091,48041,6
1767800571,/,4096,9301568,5874699,37
1767800571,/var/oled,4096,2618880,2586162,1
1767800571,/boot,4096,259584,160217,38
1767800571,/boot/efi,2048,51091,48041,6
1767800576,/,4096,9301568,5874703,37
1767800576,/var/oled,4096,2618880,2586162,1
1767800576,/boot,4096,259584,160217,38
1767800576,/boot/efi,2048,51091,48041,6
1767800581,/,4096,9301568,5874697,37
1767800581,/var/oled,4096,2618880,2586162,1
1767800581,/boot,4096,259584,160217,38
1767800581,/boot/efi,2048,51091,48041,6
1767800586,/,4096,9301568,5874701,37
1767800586,/var/oled,4096,2618880,2586162,1
1767800586,/boot,4096,259584,160217,38
1767800586,/boot/efi,2048,51091,48041,6
1767800591,/,4096,9301568,5874695,37
1767800591,/var/oled,4096,2618880,2586162,1
1767800591,/boot,4096,259584,160217,38
1767800591,/boot/efi,2048,51091,48041,6
1767800596,/,4096,9301568,5874684,37
1767800596,/var/oled,4096,2618880,2586162,1
1767800596,/boot,4096,259584,160217,38
1767800596,/boot/efi,2048,51091,48041,6
1767800601,/,4096,9301568,5874684,37
1767800601,/var/oled,4096,2618880,2586162,1
1767800601,/boot,4096,259584,160217,38
1767800601,/boot/efi,2048,51091,48041,6
1767800606,/,4096,9301568,5874684,37
1767800606,/var/oled,4096,2618880,2586162,1
1767800606,/boot,4096,259584,160217,38
1767800606,/boot/efi,2048,51091,48041,6
1767800611,/,4096,9301568,5874684,37
1767800611,/var/oled,4096,2618880,2586162,1
1767800611,/boot,4096,259584,160217,38
1767800611,/boot/efi,2048,51091,48041,6
1767800616,/,4096,9301568,5874684,37
1767800616,/var/oled,4096,2618880,2586162,1
1767800616,/boot,4096,259584,160217,38
1767800616,/boot/efi,2048,51091,48041,6
1767800621,/,4096,9301568,5874684,37
1767800621,/var/oled,4096,2618880,2586162,1
1767800621,/boot,4096,259584,160217,38
1767800621,/boot/efi,2048,51091,48041,6
1767800626,/,4096,9301568,5874684,37
1767800626,/var/oled,4096,2618880,2586162,1
1767800626,/boot,4096,259584,160217,38
1767800626,/boot/efi,2048,51091,48041,6
1767800631,/,4096,9301568,5874678,37
1767800631,/var/oled,4096,2618880,2586162,1
1767800631,/boot,4096,259584,160217,38
1767800631,/boot/efi,2048,51091,48041,6
1767800636,/,4096,9301568,5874683,37
1767800636,/var/oled,4096,2618880,2586162,1
1767800636,/boot,4096,259584,160217,38
1767800636,/boot/efi,2048,51091,48041,6
1767800641,/,4096,9301568,5874683,37
1767800641,/var/oled,4096,2618880,2586162,1
1767800641,/boot,4096,259584,160217,38
1767800641,/boot/efi,2048,51091,48041,6
1767800646,/,4096,9301568,5874683,37
1767800646,/var/oled,4096,2618880,2586162,1
1767800646,/boot,4096,259584,160217,38
1767800646,/boot/efi,2048,51091,48041,6
1767800651,/,4096,9301568,5874683,37
1767800651,/var/oled,4096,2618880,2586162,1
1767800651,/boot,4096,259584,160217,38
1767800651,/boot/efi,2048,51091,48041,6
1767800656,/,4096,9301568,5874683,37
1767800656,/var/oled,4096,2618880,2586162,1
1767800656,/boot,4096,259584,160217,38
1767800656,/boot/efi,2048,51091,48041,6
1767800661,/,4096,9301568,5874683,37
1767800661,/var/oled,4096,2618880,2582350,1
1767800661,/boot,4096,259584,160217,38
1767800661,/boot/efi,2048,51091,48041,6
1767800666,/,4096,9301568,5874651,37
1767800666,/var/oled,4096,2618880,2582350,1
1767800666,/boot,4096,259584,160217,38
1767800666,/boot/efi,2048,51091,48041,6
1767800671,/,4096,9301568,5874651,37
1767800671,/var/oled,4096,2618880,2582350,1
1767800671,/boot,4096,259584,160217,38
1767800671,/boot/efi,2048,51091,48041,6
1767800676,/,4096,9301568,5874651,37
1767800676,/var/oled,4096,2618880,2582350,1
1767800676,/boot,4096,259584,160217,38
1767800676,/boot/efi,2048,51091,48041,6
1767800681,/,4096,9301568,5874651,37
1767800681,/var/oled,4096,2618880,2582350,1
1767800681,/boot,4096,259584,160217,38
1767800681,/boot/efi,2048,51091,48041,6
1767800686,/,4096,9301568,5874651,37
1767800686,/var/oled,4096,2618880,2582350,1
1767800686,/boot,4096,259584,160217,38
1767800686,/boot/efi,2048,51091,48041,6
1767800691,/,4096,9301568,5874679,37
1767800691,/var/oled,4096,2618880,2582371,1
1767800691,/boot,4096,259584,160217,38
1767800691,/boot/efi,2048,51091,48041,6
1767800696,/,4096,9301568,5874679,37
1767800696,/var/oled,4096,2618880,2582371,1
1767800696,/boot,4096,259584,160217,38
1767800696,/boot/efi,2048,51091,48041,6
1767800701,/,4096,9301568,5874679,37
1767800701,/var/oled,4096,2618880,2582371,1
1767800701,/boot,4096,259584,160217,38
1767800701,/boot/efi,2048,51091,48041,6
1767800706,/,4096,9301568,5874679,37
1767800706,/var/oled,4096,2618880,2582371,1
1767800706,/boot,4096,259584,160217,38
1767800706,/boot/efi,2048,51091,48041,6
1767800711,/,4096,9301568,5874679,37
1767800711,/var/oled,4096,2618880,2582371,1
1767800711,/boot,4096,259584,160217,38
1767800711,/boot/efi,2048,51091,48041,6
1767800716,/,4096,9301568,5874679,37
1767800716,/var/oled,4096,2618880,2582371,1
1767800716,/boot,4096,259584,160217,38
1767800716,/boot/efi,2048,51091,48041,6
1767800721,/,4096,9301568,5874679,37
1767800721,/var/oled,4096,2618880,2582371,1
1767800721,/boot,4096,259584,160217,38
1767800721,/boot/efi,2048,51091,48041,6
1767800726,/,4096,9301568,5874679,37
1767800726,/var/oled,4096,2618880,2582371,1
1767800726,/boot,4096,259584,160217,38
1767800726,/boot/efi,2048,51091,48041,6
1767800731,/,4096,9301568,5874679,37
1767800731,/var/oled,4096,2618880,2582371,1
1767800731,/boot,4096,259584,160217,38
1767800731,/boot/efi,2048,51091,48041,6
1767800736,/,4096,9301568,5874679,37
1767800736,/var/oled,4096,2618880,2582371,1
1767800736,/boot,4096,259584,160217,38
1767800736,/boot/efi,2048,51091,48041,6
1767800741,/,4096,9301568,5874679,37
1767800741,/var/oled,4096,2618880,2582371,1
1767800741,/boot,4096,259584,160217,38
1767800741,/boot/efi,2048,51091,48041,6
1767800746,/,4096,9301568,5874679,37
1767800746,/var/oled,4096,2618880,2582371,1
1767800746,/boot,4096,259584,160217,38
1767800746,/boot/efi,2048,51091,48041,6
1767800751,/,4096,9301568,5874679,37
1767800751,/var/oled,4096,2618880,2582371,1
1767800751,/boot,4096,259584,160217,38
1767800751,/boot/efi,2048,51091,48041,6
1767800756,/,4096,9301568,5874679,37
1767800756,/var/oled,4096,2618880,2582371,1
1767800756,/boot,4096,259584,160217,38
1767800756,/boot/efi,2048,51091,48041,6
1767800761,/,4096,9301568,5874679,37
1767800761,/var/oled,4096,2618880,2582371,1
1767800761,/boot,4096,259584,160217,38
1767800761,/boot/efi,2048,51091,48041,6
1767800766,/,4096,9301568,5874679,37
1767800766,/var/oled,4096,2618880,2582371,1
1767800766,/boot,4096,259584,160217,38
1767800766,/boot/efi,2048,51091,48041,6
1767800771,/,4096,9301568,5874679,37
1767800771,/var/oled,4096,2618880,2582371,1
1767800771,/boot,4096,259584,160217,38
1767800771,/boot/efi,2048,51091,48041,6
1767800776,/,4096,9301568,5874679,37
1767800776,/var/oled,4096,2618880,2582371,1
1767800776,/boot,4096,259584,160217,38
1767800776,/boot/efi,2048,51091,48041,6
1767800781,/,4096,9301568,5874679,37
1767800781,/var/oled,4096,2618880,2582371,1
1767800781,/boot,4096,259584,160217,38
1767800781,/boot/efi,2048,51091,48041,6
1767800786,/,4096,9301568,5874679,37
1767800786,/var/oled,4096,2618880,2582371,1
1767800786,/boot,4096,259584,160217,38
1767800786,/boot/efi,2048,51091,48041,6
1767800791,/,4096,9301568,5874679,37
1767800791,/var/oled,4096,2618880,2582371,1
1767800791,/boot,4096,259584,160217,38
1767800791,/boot/efi,2048,51091,48041,6
1767800796,/,4096,9301568,5874679,37
1767800796,/var/oled,4096,2618880,2582371,1
1767800796,/boot,4096,259584,160217,38
1767800796,/boot/efi,2048,51091,48041,6
1767800801,/,4096,9301568,5874679,37
1767800801,/var/oled,4096,2618880,2582371,1
1767800801,/boot,4096,259584,160217,38
1767800801,/boot/efi,2048,51091,48041,6
1767800806,/,4096,9301568,5874679,37
1767800806,/var/oled,4096,2618880,2582371,1
1767800806,/boot,4096,259584,160217,38
1767800806,/boot/efi,2048,51091,48041,6
1767800811,/,4096,9301568,5874615,37
1767800811,/var/oled,4096,2618880,2582371,1
1767800811,/boot,4096,259584,160217,38
1767800811,/boot/efi,2048,51091,48041,6
1767800816,/,4096,9301568,5874615,37
1767800816,/var/oled,4096,2618880,2582371,1
1767800816,/boot,4096,259584,160217,38
1767800816,/boot/efi,2048,51091,48041,6
1767800821,/,4096,9301568,5874615,37
1767800821,/var/oled,4096,2618880,2582371,1
1767800821,/boot,4096,259584,160217,38
1767800821,/boot/efi,2048,51091,48041,6
1767800826,/,4096,9301568,5874627,37
1767800826,/var/oled,4096,2618880,2582371,1
1767800826,/boot,4096,259584,160217,38
1767800826,/boot/efi,2048,51091,48041,6
1767800831,/,4096,9301568,5874627,37
1767800831,/var/oled,4096,2618880,2582371,1
1767800831,/boot,4096,259584,160217,38
1767800831,/boot/efi,2048,51091,48041,6
1767800836,/,4096,9301568,5874627,37
1767800836,/var/oled,4096,2618880,2582371,1
1767800836,/boot,4096,259584,160217,38
1767800836,/boot/efi,2048,51091,48041,6
1767800841,/,4096,9301568,5874627,37
1767800841,/var/oled,4096,2618880,2582317,1
1767800841,/boot,4096,259584,160217,38
1767800841,/boot/efi,2048,51091,48041,6
1767800846,/,4096,9301568,5874627,37
1767800846,/var/oled,4096,2618880,2582317,1
1767800846,/boot,4096,259584,160217,38
1767800846,/boot/efi,2048,51091,48041,6
1767800851,/,4096,9301568,5874627,37
1767800851,/var/oled,4096,2618880,2582317,1
1767800851,/boot,4096,259584,160217,38
1767800851,/boot/efi,2048,51091,48041,6
1767800856,/,4096,9301568,5874627,37
1767800856,/var/oled,4096,2618880,2582317,1
1767800856,/boot,4096,259584,160217,38
1767800856,/boot/efi,2048,51091,48041,6
1767800861,/,4096,9301568,5874627,37
1767800861,/var/oled,4096,2618880,2582317,1
1767800861,/boot,4096,259584,160217,38
1767800861,/boot/efi,2048,51091,48041,6
1767800866,/,4096,9301568,5874627,37
1767800866,/var/oled,4096,2618880,2582317,1
1767800866,/boot,4096,259584,160217,38
1767800866,/boot/efi,2048,51091,48041,6
1767800871,/,4096,9301568,5874627,37
1767800871,/var/oled,4096,2618880,2582322,1
1767800871,/boot,4096,259584,160217,38
1767800871,/boot/efi,2048,51091,48041,6
1767800876,/,4096,9301568,5874627,37
1767800876,/var/oled,4096,2618880,2582322,1
1767800876,/boot,4096,259584,160217,38
1767800876,/boot/efi,2048,51091,48041,6
1767800881,/,4096,9301568,5874627,37
1767800881,/var/oled,4096,2618880,2582322,1
1767800881,/boot,4096,259584,160217,38
1767800881,/boot/efi,2048,51091,48041,6
1767800886,/,4096,9301568,5874627,37
1767800886,/var/oled,4096,2618880,2582322,1
1767800886,/boot,4096,259584,160217,38
1767800886,/boot/efi,2048,51091,48041,6
1767800891,/,4096,9301568,5874627,37
1767800891,/var/oled,4096,2618880,2582322,1
1767800891,/boot,4096,259584,160217,38
1767800891,/boot/efi,2048,51091,48041,6
1767800896,/,4096,9301568,5874627,37
1767800896,/var/oled,4096,2618880,2582322,1
1767800896,/boot,4096,259584,160217,38
1767800896,/boot/efi,2048,51091,48041,6
1767800901,/,4096,9301568,5874627,37
1767800901,/var/oled,4096,2618880,2582322,1
1767800901,/boot,4096,259584,160217,38
1767800901,/boot/efi,2048,51091,48041,6
1767800906,/,4096,9301568,5874627,37
1767800906,/var/oled,4096,2618880,2582322,1
1767800906,/boot,4096,259584,160217,38
1767800906,/boot/efi,2048,51091,48041,6
1767800911,/,4096,9301568,5874627,37
1767800911,/var/oled,4096,2618880,2582322,1
1767800911,/boot,4096,259584,160217,38
1767800911,/boot/efi,2048,51091,48041,6
1767800916,/,4096,9301568,5874627,37
1767800916,/var/oled,4096,2618880,2582322,1
1767800916,/boot,4096,259584,160217,38
1767800916,/boot/efi,2048,51091,48041,6
1767800921,/,4096,9301568,5874627,37
1767800921,/var/oled,4096,2618880,2582322,1
1767800921,/boot,4096,259584,160217,38
1767800921,/boot/efi,2048,51091,48041,6
1767800926,/,4096,9301568,5874627,37
1767800926,/var/oled,4096,2618880,2582322,1
1767800926,/boot,4096,259584,160217,38
1767800926,/boot/efi,2048,51091,48041,6
1767800931,/,4096,9301568,5874627,37
1767800931,/var/oled,4096,2618880,2582322,1
1767800931,/boot,4096,259584,160217,38
1767800931,/boot/efi,2048,51091,48041,6
1767800936,/,4096,9301568,5874627,37
1767800936,/var/oled,4096,2618880,2582322,1
1767800936,/boot,4096,259584,160217,38
1767800936,/boot/efi,2048,51091,48041,6
1767800941,/,4096,9301568,5874627,37
1767800941,/var/oled,4096,2618880,2582322,1
1767800941,/boot,4096,259584,160217,38
1767800941,/boot/efi,2048,51091,48041,6
1767800946,/,4096,9301568,5874627,37
1767800946,/var/oled,4096,2618880,2582322,1
1767800946,/boot,4096,259584,160217,38
1767800946,/boot/efi,2048,51091,48041,6
1767800951,/,4096,9301568,5874627,37
1767800951,/var/oled,4096,2618880,2582322,1
1767800951,/boot,4096,259584,160217,38
1767800951,/boot/efi,2048,51091,48041,6
1767800956,/,4096,9301568,5874627,37
1767800956,/var/oled,4096,2618880,2582322,1
1767800956,/boot,4096,259584,160217,38
1767800956,/boot/efi,2048,51091,48041,6
1767800961,/,4096,9301568,5874627,37
1767800961,/var/oled,4096,2618880,2582322,1
1767800961,/boot,4096,259584,160217,38
1767800961,/boot/efi,2048,51091,48041,6
1767800966,/,4096,9301568,5874627,37
1767800966,/var/oled,4096,2618880,2582322,1
1767800966,/boot,4096,259584,160217,38
1767800966,/boot/efi,2048,51091,48041,6
1767800971,/,4096,9301568,5874627,37
1767800971,/var/oled,4096,2618880,2582322,1
1767800971,/boot,4096,259584,160217,38
1767800971,/boot/efi,2048,51091,48041,6
1767800976,/,4096,9301568,5874627,37
1767800976,/var/oled,4096,2618880,2582322,1
1767800976,/boot,4096,259584,160217,38
1767800976,/boot/efi,2048,51091,48041,6
1767800981,/,4096,9301568,5874621,37
1767800981,/var/oled,4096,2618880,2582322,1
1767800981,/boot,4096,259584,160217,38
1767800981,/boot/efi,2048,51091,48041,6
1767800986,/,4096,9301568,5874626,37
1767800986,/var/oled,4096,2618880,2582368,1
1767800986,/boot,4096,259584,160217,38
1767800986,/boot/efi,2048,51091,48041,6
1767800991,/,4096,9301568,5874626,37
1767800991,/var/oled,4096,2618880,2582368,1
1767800991,/boot,4096,259584,160217,38
1767800991,/boot/efi,2048,51091,48041,6
1767800996,/,4096,9301568,5874626,37
1767800996,/var/oled,4096,2618880,2582368,1
1767800996,/boot,4096,259584,160217,38
1767800996,/boot/efi,2048,51091,48041,6
1767801001,/,4096,9301568,5874626,37
1767801001,/var/oled,4096,2618880,2582368,1
1767801001,/boot,4096,259584,160217,38
1767801001,/boot/efi,2048,51091,48041,6
1767801006,/,4096,9301568,5874626,37
1767801006,/var/oled,4096,2618880,2582368,1
1767801006,/boot,4096,259584,160217,38
1767801006,/boot/efi,2048,51091,48041,6
1767801011,/,4096,9301568,5874626,37
1767801011,/var/oled,4096,2618880,2582368,1
1767801011,/boot,4096,259584,160217,38
1767801011,/boot/efi,2048,51091,48041,6
1767801016,/,4096,9301568,5874626,37
1767801016,/var/oled,4096,2618880,2582368,1
1767801016,/boot,4096,259584,160217,38
1767801016,/boot/efi,2048,51091,48041,6
1767801021,/,4096,9301568,5874626,37
1767801021,/var/oled,4096,2618880,2582301,1
1767801021,/boot,4096,259584,160217,38
1767801021,/boot/efi,2048,51091,48041,6
1767801026,/,4096,9301568,5874626,37
1767801026,/var/oled,4096,2618880,2582306,1
1767801026,/boot,4096,259584,160217,38
1767801026,/boot/efi,2048,51091,48041,6
1767801031,/,4096,9301568,5874626,37
1767801031,/var/oled,4096,2618880,2582306,1
1767801031,/boot,4096,259584,160217,38
1767801031,/boot/efi,2048,51091,48041,6
1767801036,/,4096,9301568,5874626,37
1767801036,/var/oled,4096,2618880,2582306,1
1767801036,/boot,4096,259584,160217,38
1767801036,/boot/efi,2048,51091,48041,6
1767801041,/,4096,9301568,5874626,37
1767801041,/var/oled,4096,2618880,2582306,1
1767801041,/boot,4096,259584,160217,38
1767801041,/boot/efi,2048,51091,48041,6
1767801046,/,4096,9301568,5874626,37
1767801046,/var/oled,4096,2618880,2582306,1
1767801046,/boot,4096,259584,160217,38
1767801046,/boot/efi,2048,51091,48041,6
1767801051,/,4096,9301568,5874626,37
1767801051,/var/oled,4096,2618880,2582306,1
1767801051,/boot,4096,259584,160217,38
1767801051,/boot/efi,2048,51091,48041,6
1767801056,/,4096,9301568,5874626,37
1767801056,/var/oled,4096,2618880,2582306,1
1767801056,/boot,4096,259584,160217,38
1767801056,/boot/efi,2048,51091,48041,6
1767801061,/,4096,9301568,5874626,37
1767801061,/var/oled,4096,2618880,2582306,1
1767801061,/boot,4096,259584,160217,38
1767801061,/boot/efi,2048,51091,48041,6
1767801066,/,4096,9301568,5874626,37
1767801066,/var/oled,4096,2618880,2582306,1
1767801066,/boot,4096,259584,160217,38
1767801066,/boot/efi,2048,51091,48041,6
1767801071,/,4096,9301568,5874626,37
1767801071,/var/oled,4096,2618880,2582306,1
1767801071,/boot,4096,259584,160217,38
1767801071,/boot/efi,2048,51091,48041,6
1767801076,/,4096,9301568,5874626,37
1767801076,/var/oled,4096,2618880,2582306,1
1767801076,/boot,4096,259584,160217,38
1767801076,/boot/efi,2048,51091,48041,6
1767801081,/,4096,9301568,5874626,37
1767801081,/var/oled,4096,2618880,2582306,1
1767801081,/boot,4096,259584,160217,38
1767801081,/boot/efi,2048,51091,48041,6
1767801086,/,4096,9301568,5874626,37
1767801086,/var/oled,4096,2618880,2582306,1
1767801086,/boot,4096,259584,160217,38
1767801086,/boot/efi,2048,51091,48041,6
1767801091,/,4096,9301568,5874626,37
1767801091,/var/oled,4096,2618880,2582306,1
1767801091,/boot,4096,259584,160217,38
1767801091,/boot/efi,2048,51091,48041,6
1767801096,/,4096,9301568,5874498,37
1767801096,/var/oled,4096,2618880,2582306,1
1767801096,/boot,4096,259584,160217,38
1767801096,/boot/efi,2048,51091,48041,6
1767801101,/,4096,9301568,5874498,37
1767801101,/var/oled,4096,2618880,2582306,1
1767801101,/boot,4096,259584,160217,38
1767801101,/boot/efi,2048,51091,48041,6
1767801106,/,4096,9301568,5874498,37
1767801106,/var/oled,4096,2618880,2582306,1
1767801106,/boot,4096,259584,160217,38
1767801106,/boot/efi,2048,51091,48041,6
1767801111,/,4096,9301568,5874442,37
1767801111,/var/oled,4096,2618880,2582306,1
1767801111,/boot,4096,259584,160217,38
1767801111,/boot/efi,2048,51091,48041,6
1767801116,/,4096,9301568,5874467,37
1767801116,/var/oled,4096,2618880,2582306,1
1767801116,/boot,4096,259584,160217,38
1767801116,/boot/efi,2048,51091,48041,6
1767801121,/,4096,9301568,5874445,37
1767801121,/var/oled,4096,2618880,2582306,1
1767801121,/boot,4096,259584,160217,38
1767801121,/boot/efi,2048,51091,48041,6
1767801126,/,4096,9301568,5874445,37
1767801126,/var/oled,4096,2618880,2582306,1
1767801126,/boot,4096,259584,160217,38
1767801126,/boot/efi,2048,51091,48041,6
1767801131,/,4096,9301568,5874445,37
1767801131,/var/oled,4096,2618880,2582306,1
1767801131,/boot,4096,259584,160217,38
1767801131,/boot/efi,2048,51091,48041,6
1767801136,/,4096,9301568,5874439,37
1767801136,/var/oled,4096,2618880,2582306,1
1767801136,/boot,4096,259584,160217,38
1767801136,/boot/efi,2048,51091,48041,6
1767801141,/,4096,9301568,5874439,37
1767801141,/var/oled,4096,2618880,2582306,1
1767801141,/boot,4096,259584,160217,38
1767801141,/boot/efi,2048,51091,48041,6
1767801146,/,4096,9301568,5874439,37
1767801146,/var/oled,4096,2618880,2582306,1
1767801146,/boot,4096,259584,160217,38
1767801146,/boot/efi,2048,51091,48041,6
1767801151,/,4096,9301568,5874444,37
1767801151,/var/oled,4096,2618880,2582306,1
1767801151,/boot,4096,259584,160217,38
1767801151,/boot/efi,2048,51091,48041,6
1767801156,/,4096,9301568,5874444,37
1767801156,/var/oled,4096,2618880,2582306,1
1767801156,/boot,4096,259584,160217,38
1767801156,/boot/efi,2048,51091,48041,6
1767801161,/,4096,9301568,5874444,37
1767801161,/var/oled,4096,2618880,2582306,1
1767801161,/boot,4096,259584,160217,38
1767801161,/boot/efi,2048,51091,48041,6
1767801166,/,4096,9301568,5874448,37
1767801166,/var/oled,4096,2618880,2582306,1
1767801166,/boot,4096,259584,160217,38
1767801166,/boot/efi,2048,51091,48041,6
1767801171,/,4096,9301568,5874448,37
1767801171,/var/oled,4096,2618880,2582306,1
1767801171,/boot,4096,259584,160217,38
1767801171,/boot/efi,2048,51091,48041,6
1767801176,/,4096,9301568,5874448,37
1767801176,/var/oled,4096,2618880,2582306,1
1767801176,/boot,4096,259584,160217,38
1767801176,/boot/efi,2048,51091,48041,6
