#timestamp,DEV,tps,rtps,wtps,dtps,bread/s,bwrtn/s,bdscd/s
1767813021,loop0,0,0,0,0,0,0,0
1767813021,loop1,0,0,0,0,0,0,0
1767813021,loop2,0,0,0,0,0,0,0
1767813021,loop3,0,0,0,0,0,0,0
1767813021,sda,15.9,0.5,15.2,0.2,53.6,246.4,1.6
1767813021,sda1,15.9,0.5,15.2,0.2,53.6,246.4,1.6
1767813021,sda14,0,0,0,0,0,0,0
1767813021,sda15,0,0,0,0,0,0,0
1767813021,sdb,0,0,0,0,0,0,0
1767813021,sdb1,0,0,0,0,0,0,0
1767813021,sr0,0,0,0,0,0,0,0
1767813026,loop0,0,0,0,0,0,0,0
1767813026,loop1,0,0,0,0,0,0,0
1767813026,loop2,0,0,0,0,0,0,0
1767813026,loop3,0,0,0,0,0,0,0
1767813026,sda,0.6,0,0.6,0,0,6.4,0
1767813026,sda1,0.6,0,0.6,0,0,6.4,0
1767813026,sda14,0,0,0,0,0,0,0
1767813026,sda15,0,0,0,0,0,0,0
1767813026,sdb,0,0,0,0,0,0,0
1767813026,sdb1,0,0,0,0,0,0,0
1767813026,sr0,0,0,0,0,0,0,0
1767813031,loop0,0,0,0,0,0,0,0
1767813031,loop1,0,0,0,0,0,0,0
1767813031,loop2,0,0,0,0,0,0,0
1767813031,loop3,0,0,0,0,0,0,0
1767813031,sda,1.2,0.4,0.6,0.2,84.8,17.599999999999998,1.6
1767813031,sda1,1.2,0.4,0.6,0.2,84.8,17.599999999999998,1.6
1767813031,sda14,0,0,0,0,0,0,0
1767813031,sda15,0,0,0,0,0,0,0
1767813031,sdb,0,0,0,0,0,0,0
1767813031,sdb1,0,0,0,0,0,0,0
1767813031,sr0,0,0,0,0,0,0,0
1767813036,loop0,0,0,0,0,0,0,0
1767813036,loop1,0,0,0,0,0,0,0
1767813036,loop2,0,0,0,0,0,0,0
1767813036,loop3,0,0,0,0,0,0,0
1767813036,sda,1.2,0,1,0.2,0,24,1.6
1767813036,sda1,1.2,0,1,0.2,0,24,1.6
1767813036,sda14,0,0,0,0,0,0,0
1767813036,sda15,0,0,0,0,0,0,0
1767813036,sdb,0,0,0,0,0,0,0
1767813036,sdb1,0,0,0,0,0,0,0
1767813036,sr0,0,0,0,0,0,0,0
1767813041,loop0,0,0,0,0,0,0,0
1767813041,loop1,0,0,0,0,0,0,0
1767813041,loop2,0,0,0,0,0,0,0
1767813041,loop3,0,0,0,0,0,0,0
1767813041,sda,1,0,0.8,0.2,0,16,1.6
1767813041,sda1,1,0,0.8,0.2,0,16,1.6
1767813041,sda14,0,0,0,0,0,0,0
1767813041,sda15,0,0,0,0,0,0,0
1767813041,sdb,0,0,0,0,0,0,0
1767813041,sdb1,0,0,0,0,0,0,0
1767813041,sr0,0,0,0,0,0,0,0
1767813046,loop0,0,0,0,0,0,0,0
1767813046,loop1,0,0,0,0,0,0,0
1767813046,loop2,0,0,0,0,0,0,0
1767813046,loop3,0,0,0,0,0,0,0
1767813046,sda,4.3999999999999995,0,4.2,0.2,0,56.00000000000001,1.6
1767813046,sda1,4.3999999999999995,0,4.2,0.2,0,56.00000000000001,1.6
1767813046,sda14,0,0,0,0,0,0,0
1767813046,sda15,0,0,0,0,0,0,0
1767813046,sdb,0,0,0,0,0,0,0
1767813046,sdb1,0,0,0,0,0,0,0
1767813046,sr0,0,0,0,0,0,0,0
1767813051,loop0,0,0,0,0,0,0,0
1767813051,loop1,0,0,0,0,0,0,0
1767813051,loop2,0,0,0,0,0,0,0
1767813051,loop3,0,0,0,0,0,0,0
1767813051,sda,18.8,0,18.6,0.2,0,238.39999999999998,1.6
1767813051,sda1,18.8,0,18.6,0.2,0,238.39999999999998,1.6
1767813051,sda14,0,0,0,0,0,0,0
1767813051,sda15,0,0,0,0,0,0,0
1767813051,sdb,0,0,0,0,0,0,0
1767813051,sdb1,0,0,0,0,0,0,0
1767813051,sr0,0,0,0,0,0,0,0
1767813056,loop0,0,0,0,0,0,0,0
1767813056,loop1,0,0,0,0,0,0,0
1767813056,loop2,0,0,0,0,0,0,0
1767813056,loop3,0,0,0,0,0,0,0
1767813056,sda,2.4,0,2.1999999999999997,0.2,0,43.2,1.6
1767813056,sda1,2.4,0,2.1999999999999997,0.2,0,43.2,1.6
1767813056,sda14,0,0,0,0,0,0,0
1767813056,sda15,0,0,0,0,0,0,0
1767813056,sdb,0,0,0,0,0,0,0
1767813056,sdb1,0,0,0,0,0,0,0
1767813056,sr0,0,0,0,0,0,0,0
1767813061,loop0,0,0,0,0,0,0,0
1767813061,loop1,0,0,0,0,0,0,0
1767813061,loop2,0,0,0,0,0,0,0
1767813061,loop3,0,0,0,0,0,0,0
1767813061,sda,9.4,0,9.4,0,0,104,0
1767813061,sda1,9.4,0,9.4,0,0,104,0
1767813061,sda14,0,0,0,0,0,0,0
1767813061,sda15,0,0,0,0,0,0,0
1767813061,sdb,0,0,0,0,0,0,0
1767813061,sdb1,0,0,0,0,0,0,0
1767813061,sr0,0,0,0,0,0,0,0
1767813066,loop0,0,0,0,0,0,0,0
1767813066,loop1,0,0,0,0,0,0,0
1767813066,loop2,0,0,0,0,0,0,0
1767813066,loop3,0,0,0,0,0,0,0
1767813066,sda,4.3999999999999995,0,4.2,0.2,0,56.00000000000001,1.6
1767813066,sda1,4.3999999999999995,0,4.2,0.2,0,56.00000000000001,1.6
1767813066,sda14,0,0,0,0,0,0,0
1767813066,sda15,0,0,0,0,0,0,0
1767813066,sdb,0,0,0,0,0,0,0
1767813066,sdb1,0,0,0,0,0,0,0
1767813066,sr0,0,0,0,0,0,0,0
1767813071,loop0,0,0,0,0,0,0,0
1767813071,loop1,0,0,0,0,0,0,0
1767813071,loop2,0,0,0,0,0,0,0
1767813071,loop3,0,0,0,0,0,0,0
1767813071,sda,1,0,0.6,0.4,0,12.8,3.2
1767813071,sda1,1,0,0.6,0.4,0,12.8,3.2
1767813071,sda14,0,0,0,0,0,0,0
1767813071,sda15,0,0,0,0,0,0,0
1767813071,sdb,0,0,0,0,0,0,0
1767813071,sdb1,0,0,0,0,0,0,0
1767813071,sr0,0,0,0,0,0,0,0
1767813076,loop0,0,0,0,0,0,0,0
1767813076,loop1,0,0,0,0,0,0,0
1767813076,loop2,0,0,0,0,0,0,0
1767813076,loop3,0,0,0,0,0,0,0
1767813076,sda,2.4,0,2.1999999999999997,0.2,0,28.799999999999997,1.6
1767813076,sda1,2.4,0,2.1999999999999997,0.2,0,28.799999999999997,1.6
1767813076,sda14,0,0,0,0,0,0,0
1767813076,sda15,0,0,0,0,0,0,0
1767813076,sdb,0,0,0,0,0,0,0
1767813076,sdb1,0,0,0,0,0,0,0
1767813076,sr0,0,0,0,0,0,0,0
1767813081,loop0,0,0,0,0,0,0,0
1767813081,loop1,0,0,0,0,0,0,0
1767813081,loop2,0,0,0,0,0,0,0
1767813081,loop3,0,0,0,0,0,0,0
1767813081,sda,0.2,0,0.2,0,0,1.6,0
1767813081,sda1,0.2,0,0.2,0,0,1.6,0
1767813081,sda14,0,0,0,0,0,0,0
1767813081,sda15,0,0,0,0,0,0,0
1767813081,sdb,0,0,0,0,0,0,0
1767813081,sdb1,0,0,0,0,0,0,0
1767813081,sr0,0,0,0,0,0,0,0
1767813086,loop0,0,0,0,0,0,0,0
1767813086,loop1,0,0,0,0,0,0,0
1767813086,loop2,0,0,0,0,0,0,0
1767813086,loop3,0,0,0,0,0,0,0
1767813086,sda,1.2,0,1.2,0,0,20.8,0
1767813086,sda1,1.2,0,1.2,0,0,20.8,0
1767813086,sda14,0,0,0,0,0,0,0
1767813086,sda15,0,0,0,0,0,0,0
1767813086,sdb,0,0,0,0,0,0,0
1767813086,sdb1,0,0,0,0,0,0,0
1767813086,sr0,0,0,0,0,0,0,0
1767813091,loop0,0,0,0,0,0,0,0
1767813091,loop1,0,0,0,0,0,0,0
1767813091,loop2,0,0,0,0,0,0,0
1767813091,loop3,0,0,0,0,0,0,0
1767813091,sda,0.8,0,0.6,0.2,0,14.399999999999999,1.6
1767813091,sda1,0.8,0,0.6,0.2,0,14.399999999999999,1.6
1767813091,sda14,0,0,0,0,0,0,0
1767813091,sda15,0,0,0,0,0,0,0
1767813091,sdb,0,0,0,0,0,0,0
1767813091,sdb1,0,0,0,0,0,0,0
1767813091,sr0,0,0,0,0,0,0,0
1767813096,loop0,0,0,0,0,0,0,0
1767813096,loop1,0,0,0,0,0,0,0
1767813096,loop2,0,0,0,0,0,0,0
1767813096,loop3,0,0,0,0,0,0,0
1767813096,sda,1.2,0,1,0.2,0,19.2,1.6
1767813096,sda1,1.2,0,1,0.2,0,19.2,1.6
1767813096,sda14,0,0,0,0,0,0,0
1767813096,sda15,0,0,0,0,0,0,0
1767813096,sdb,0,0,0,0,0,0,0
1767813096,sdb1,0,0,0,0,0,0,0
1767813096,sr0,0,0,0,0,0,0,0
1767813101,loop0,0,0,0,0,0,0,0
1767813101,loop1,0,0,0,0,0,0,0
1767813101,loop2,0,0,0,0,0,0,0
1767813101,loop3,0,0,0,0,0,0,0
1767813101,sda,0.8,0,0.6,0.2,0,12.8,3.2
1767813101,sda1,0.8,0,0.6,0.2,0,12.8,3.2
1767813101,sda14,0,0,0,0,0,0,0
1767813101,sda15,0,0,0,0,0,0,0
1767813101,sdb,0,0,0,0,0,0,0
1767813101,sdb1,0,0,0,0,0,0,0
1767813101,sr0,0,0,0,0,0,0,0
1767813106,loop0,0,0,0,0,0,0,0
1767813106,loop1,0,0,0,0,0,0,0
1767813106,loop2,0,0,0,0,0,0,0
1767813106,loop3,0,0,0,0,0,0,0
1767813106,sda,0.6,0,0.6,0,0,6.4,0
1767813106,sda1,0.6,0,0.6,0,0,6.4,0
1767813106,sda14,0,0,0,0,0,0,0
1767813106,sda15,0,0,0,0,0,0,0
1767813106,sdb,0,0,0,0,0,0,0
1767813106,sdb1,0,0,0,0,0,0,0
1767813106,sr0,0,0,0,0,0,0,0
1767813111,loop0,0,0,0,0,0,0,0
1767813111,loop1,0,0,0,0,0,0,0
1767813111,loop2,0,0,0,0,0,0,0
1767813111,loop3,0,0,0,0,0,0,0
1767813111,sda,7.199999999999999,0,7.000000000000001,0.2,0,70.39999999999999,1.6
1767813111,sda1,7.199999999999999,0,7.000000000000001,0.2,0,70.39999999999999,1.6
1767813111,sda14,0,0,0,0,0,0,0
1767813111,sda15,0,0,0,0,0,0,0
1767813111,sdb,0,0,0,0,0,0,0
1767813111,sdb1,0,0,0,0,0,0,0
1767813111,sr0,0,0,0,0,0,0,0
1767813116,loop0,0,0,0,0,0,0,0
1767813116,loop1,0,0,0,0,0,0,0
1767813116,loop2,0,0,0,0,0,0,0
1767813116,loop3,0,0,0,0,0,0,0
1767813116,sda,0.6,0,0.6,0,0,6.4,0
1767813116,sda1,0.6,0,0.6,0,0,6.4,0
1767813116,sda14,0,0,0,0,0,0,0
1767813116,sda15,0,0,0,0,0,0,0
1767813116,sdb,0,0,0,0,0,0,0
1767813116,sdb1,0,0,0,0,0,0,0
1767813116,sr0,0,0,0,0,0,0,0
1767813121,loop0,0,0,0,0,0,0,0
1767813121,loop1,0,0,0,0,0,0,0
1767813121,loop2,0,0,0,0,0,0,0
1767813121,loop3,0,0,0,0,0,0,0
1767813121,sda,1,0,0.8,0.2,0,20.8,1.6
1767813121,sda1,1,0,0.8,0.2,0,20.8,1.6
1767813121,sda14,0,0,0,0,0,0,0
1767813121,sda15,0,0,0,0,0,0,0
1767813121,sdb,0,0,0,0,0,0,0
1767813121,sdb1,0,0,0,0,0,0,0
1767813121,sr0,0,0,0,0,0,0,0
1767813126,loop0,0,0,0,0,0,0,0
1767813126,loop1,0,0,0,0,0,0,0
1767813126,loop2,0,0,0,0,0,0,0
1767813126,loop3,0,0,0,0,0,0,0
1767813126,sda,1.2,0,1,0.2,0,19.2,1.6
1767813126,sda1,1.2,0,1,0.2,0,19.2,1.6
1767813126,sda14,0,0,0,0,0,0,0
1767813126,sda15,0,0,0,0,0,0,0
1767813126,sdb,0,0,0,0,0,0,0
1767813126,sdb1,0,0,0,0,0,0,0
1767813126,sr0,0,0,0,0,0,0,0
1767813131,loop0,0,0,0,0,0,0,0
1767813131,loop1,0,0,0,0,0,0,0
1767813131,loop2,0,0,0,0,0,0,0
1767813131,loop3,0,0,0,0,0,0,0
1767813131,sda,0.8,0,0.6,0.2,0,14.399999999999999,1.6
1767813131,sda1,0.8,0,0.6,0.2,0,14.399999999999999,1.6
1767813131,sda14,0,0,0,0,0,0,0
1767813131,sda15,0,0,0,0,0,0,0
1767813131,sdb,0,0,0,0,0,0,0
1767813131,sdb1,0,0,0,0,0,0,0
1767813131,sr0,0,0,0,0,0,0,0
1767813136,loop0,0,0,0,0,0,0,0
1767813136,loop1,0,0,0,0,0,0,0
1767813136,loop2,0,0,0,0,0,0,0
1767813136,loop3,0,0,0,0,0,0,0
1767813136,sda,1,0,0.8,0.2,0,17.599999999999998,1.6
1767813136,sda1,1,0,0.8,0.2,0,17.599999999999998,1.6
1767813136,sda14,0,0,0,0,0,0,0
1767813136,sda15,0,0,0,0,0,0,0
1767813136,sdb,0,0,0,0,0,0,0
1767813136,sdb1,0,0,0,0,0,0,0
1767813136,sr0,0,0,0,0,0,0,0
1767813141,loop0,0,0,0,0,0,0,0
1767813141,loop1,0,0,0,0,0,0,0
1767813141,loop2,0,0,0,0,0,0,0
1767813141,loop3,0,0,0,0,0,0,0
1767813141,sda,1,0,1,0,0,8,0
1767813141,sda1,1,0,1,0,0,8,0
1767813141,sda14,0,0,0,0,0,0,0
1767813141,sda15,0,0,0,0,0,0,0
1767813141,sdb,0,0,0,0,0,0,0
1767813141,sdb1,0,0,0,0,0,0,0
1767813141,sr0,0,0,0,0,0,0,0
1767813146,loop0,0,0,0,0,0,0,0
1767813146,loop1,0,0,0,0,0,0,0
1767813146,loop2,0,0,0,0,0,0,0
1767813146,loop3,0,0,0,0,0,0,0
1767813146,sda,12,0,11.799999999999999,0.2,0,136,1.6
1767813146,sda1,12,0,11.799999999999999,0.2,0,136,1.6
1767813146,sda14,0,0,0,0,0,0,0
1767813146,sda15,0,0,0,0,0,0,0
1767813146,sdb,0,0,0,0,0,0,0
1767813146,sdb1,0,0,0,0,0,0,0
1767813146,sr0,0,0,0,0,0,0,0
1767813151,loop0,0,0,0,0,0,0,0
1767813151,loop1,0,0,0,0,0,0,0
1767813151,loop2,0,0,0,0,0,0,0
1767813151,loop3,0,0,0,0,0,0,0
1767813151,sda,1.2,0,0.8,0.4,0,22.400000000000002,4.8
1767813151,sda1,1.2,0,0.8,0.4,0,22.400000000000002,4.8
1767813151,sda14,0,0,0,0,0,0,0
1767813151,sda15,0,0,0,0,0,0,0
1767813151,sdb,0,0,0,0,0,0,0
1767813151,sdb1,0,0,0,0,0,0,0
1767813151,sr0,0,0,0,0,0,0,0
1767813156,loop0,0,0,0,0,0,0,0
1767813156,loop1,0,0,0,0,0,0,0
1767813156,loop2,0,0,0,0,0,0,0
1767813156,loop3,0,0,0,0,0,0,0
1767813156,sda,1.4000000000000001,0.2,1,0.2,40,22.400000000000002,1.6
1767813156,sda1,1.4000000000000001,0.2,1,0.2,40,22.400000000000002,1.6
1767813156,sda14,0,0,0,0,0,0,0
1767813156,sda15,0,0,0,0,0,0,0
1767813156,sdb,0,0,0,0,0,0,0
1767813156,sdb1,0,0,0,0,0,0,0
1767813156,sr0,0,0,0,0,0,0,0
1767813161,loop0,0,0,0,0,0,0,0
1767813161,loop1,0,0,0,0,0,0,0
1767813161,loop2,0,0,0,0,0,0,0
1767813161,loop3,0,0,0,0,0,0,0
1767813161,sda,1,0,0.8,0.2,0,14.399999999999999,1.6
1767813161,sda1,1,0,0.8,0.2,0,14.399999999999999,1.6
1767813161,sda14,0,0,0,0,0,0,0
1767813161,sda15,0,0,0,0,0,0,0
1767813161,sdb,0,0,0,0,0,0,0
1767813161,sdb1,0,0,0,0,0,0,0
1767813161,sr0,0,0,0,0,0,0,0
1767813166,loop0,0,0,0,0,0,0,0
1767813166,loop1,0,0,0,0,0,0,0
1767813166,loop2,0,0,0,0,0,0,0
1767813166,loop3,0,0,0,0,0,0,0
1767813166,sda,1,0,0.8,0.2,0,19.2,1.6
1767813166,sda1,1,0,0.8,0.2,0,19.2,1.6
1767813166,sda14,0,0,0,0,0,0,0
1767813166,sda15,0,0,0,0,0,0,0
1767813166,sdb,0,0,0,0,0,0,0
1767813166,sdb1,0,0,0,0,0,0,0
1767813166,sr0,0,0,0,0,0,0,0
1767813171,loop0,0,0,0,0,0,0,0
1767813171,loop1,0,0,0,0,0,0,0
1767813171,loop2,0,0,0,0,0,0,0
1767813171,loop3,0,0,0,0,0,0,0
1767813171,sda,0.2,0,0.2,0,0,1.6,0
1767813171,sda1,0.2,0,0.2,0,0,1.6,0
1767813171,sda14,0,0,0,0,0,0,0
1767813171,sda15,0,0,0,0,0,0,0
1767813171,sdb,0,0,0,0,0,0,0
1767813171,sdb1,0,0,0,0,0,0,0
1767813171,sr0,0,0,0,0,0,0,0
1767813176,loop0,0,0,0,0,0,0,0
1767813176,loop1,0,0,0,0,0,0,0
1767813176,loop2,0,0,0,0,0,0,0
1767813176,loop3,0,0,0,0,0,0,0
1767813176,sda,10.6,0,10.4,0.2,0,97.6,1.6
1767813176,sda1,10.6,0,10.4,0.2,0,97.6,1.6
1767813176,sda14,0,0,0,0,0,0,0
1767813176,sda15,0,0,0,0,0,0,0
1767813176,sdb,0,0,0,0,0,0,0
1767813176,sdb1,0,0,0,0,0,0,0
1767813176,sr0,0,0,0,0,0,0,0
1767813181,loop0,0,0,0,0,0,0,0
1767813181,loop1,0,0,0,0,0,0,0
1767813181,loop2,0,0,0,0,0,0,0
1767813181,loop3,0,0,0,0,0,0,0
1767813181,sda,1,0,0.8,0.2,0,20.8,1.6
1767813181,sda1,1,0,0.8,0.2,0,20.8,1.6
1767813181,sda14,0,0,0,0,0,0,0
1767813181,sda15,0,0,0,0,0,0,0
1767813181,sdb,0,0,0,0,0,0,0
1767813181,sdb1,0,0,0,0,0,0,0
1767813181,sr0,0,0,0,0,0,0,0
1767813186,loop0,0,0,0,0,0,0,0
1767813186,loop1,0,0,0,0,0,0,0
1767813186,loop2,0,0,0,0,0,0,0
1767813186,loop3,0,0,0,0,0,0,0
1767813186,sda,1.4000000000000001,0,1.2,0.2,0,27.200000000000003,1.6
1767813186,sda1,1.4000000000000001,0,1.2,0.2,0,27.200000000000003,1.6
1767813186,sda14,0,0,0,0,0,0,0
1767813186,sda15,0,0,0,0,0,0,0
1767813186,sdb,0,0,0,0,0,0,0
1767813186,sdb1,0,0,0,0,0,0,0
1767813186,sr0,0,0,0,0,0,0,0
1767813191,loop0,0,0,0,0,0,0,0
1767813191,loop1,0,0,0,0,0,0,0
1767813191,loop2,0,0,0,0,0,0,0
1767813191,loop3,0,0,0,0,0,0,0
1767813191,sda,0.8,0,0.6,0.2,0,16,1.6
1767813191,sda1,0.8,0,0.6,0.2,0,16,1.6
1767813191,sda14,0,0,0,0,0,0,0
1767813191,sda15,0,0,0,0,0,0,0
1767813191,sdb,0,0,0,0,0,0,0
1767813191,sdb1,0,0,0,0,0,0,0
1767813191,sr0,0,0,0,0,0,0,0
1767813196,loop0,0,0,0,0,0,0,0
1767813196,loop1,0,0,0,0,0,0,0
1767813196,loop2,0,0,0,0,0,0,0
1767813196,loop3,0,0,0,0,0,0,0
1767813196,sda,1,0,0.8,0.2,0,19.2,1.6
1767813196,sda1,1,0,0.8,0.2,0,19.2,1.6
1767813196,sda14,0,0,0,0,0,0,0
1767813196,sda15,0,0,0,0,0,0,0
1767813196,sdb,0,0,0,0,0,0,0
1767813196,sdb1,0,0,0,0,0,0,0
1767813196,sr0,0,0,0,0,0,0,0
1767813201,loop0,0,0,0,0,0,0,0
1767813201,loop1,0,0,0,0,0,0,0
1767813201,loop2,0,0,0,0,0,0,0
1767813201,loop3,0,0,0,0,0,0,0
1767813201,sda,0.2,0,0.2,0,0,1.6,0
1767813201,sda1,0.2,0,0.2,0,0,1.6,0
1767813201,sda14,0,0,0,0,0,0,0
1767813201,sda15,0,0,0,0,0,0,0
1767813201,sdb,0,0,0,0,0,0,0
1767813201,sdb1,0,0,0,0,0,0,0
1767813201,sr0,0,0,0,0,0,0,0
1767813206,loop0,0,0,0,0,0,0,0
1767813206,loop1,0,0,0,0,0,0,0
1767813206,loop2,0,0,0,0,0,0,0
1767813206,loop3,0,0,0,0,0,0,0
1767813206,sda,1.2,0,1,0.2,0,17.599999999999998,1.6
1767813206,sda1,1.2,0,1,0.2,0,17.599999999999998,1.6
1767813206,sda14,0,0,0,0,0,0,0
1767813206,sda15,0,0,0,0,0,0,0
1767813206,sdb,0,0,0,0,0,0,0
1767813206,sdb1,0,0,0,0,0,0,0
1767813206,sr0,0,0,0,0,0,0,0
1767813211,loop0,0,0,0,0,0,0,0
1767813211,loop1,0,0,0,0,0,0,0
1767813211,loop2,0,0,0,0,0,0,0
1767813211,loop3,0,0,0,0,0,0,0
1767813211,sda,12.2,0,12,0.2,0,137.6,1.6
1767813211,sda1,12.2,0,12,0.2,0,137.6,1.6
1767813211,sda14,0,0,0,0,0,0,0
1767813211,sda15,0,0,0,0,0,0,0
1767813211,sdb,0,0,0,0,0,0,0
1767813211,sdb1,0,0,0,0,0,0,0
1767813211,sr0,0,0,0,0,0,0,0
1767813216,loop0,0,0,0,0,0,0,0
1767813216,loop1,0,0,0,0,0,0,0
1767813216,loop2,0,0,0,0,0,0,0
1767813216,loop3,0,0,0,0,0,0,0
1767813216,sda,1.7999999999999998,0,1.6,0.2,0,28.799999999999997,1.6
1767813216,sda1,1.7999999999999998,0,1.6,0.2,0,28.799999999999997,1.6
1767813216,sda14,0,0,0,0,0,0,0
1767813216,sda15,0,0,0,0,0,0,0
1767813216,sdb,0,0,0,0,0,0,0
1767813216,sdb1,0,0,0,0,0,0,0
1767813216,sr0,0,0,0,0,0,0,0
1767813221,loop0,0,0,0,0,0,0,0
1767813221,loop1,0,0,0,0,0,0,0
1767813221,loop2,0,0,0,0,0,0,0
1767813221,loop3,0,0,0,0,0,0,0
1767813221,sda,0.8,0,0.6,0.2,0,12.8,1.6
1767813221,sda1,0.8,0,0.6,0.2,0,12.8,1.6
1767813221,sda14,0,0,0,0,0,0,0
1767813221,sda15,0,0,0,0,0,0,0
1767813221,sdb,0,0,0,0,0,0,0
1767813221,sdb1,0,0,0,0,0,0,0
1767813221,sr0,0,0,0,0,0,0,0
1767813226,loop0,0,0,0,0,0,0,0
1767813226,loop1,0,0,0,0,0,0,0
1767813226,loop2,0,0,0,0,0,0,0
1767813226,loop3,0,0,0,0,0,0,0
1767813226,sda,0.4,0,0.4,0,0,4.8,0
1767813226,sda1,0.4,0,0.4,0,0,4.8,0
1767813226,sda14,0,0,0,0,0,0,0
1767813226,sda15,0,0,0,0,0,0,0
1767813226,sdb,0,0,0,0,0,0,0
1767813226,sdb1,0,0,0,0,0,0,0
1767813226,sr0,0,0,0,0,0,0,0
1767813231,loop0,0,0,0,0,0,0,0
1767813231,loop1,0,0,0,0,0,0,0
1767813231,loop2,0,0,0,0,0,0,0
1767813231,loop3,0,0,0,0,0,0,0
1767813231,sda,0.8,0,0.6,0.2,0,14.399999999999999,1.6
1767813231,sda1,0.8,0,0.6,0.2,0,14.399999999999999,1.6
1767813231,sda14,0,0,0,0,0,0,0
1767813231,sda15,0,0,0,0,0,0,0
1767813231,sdb,0,0,0,0,0,0,0
1767813231,sdb1,0,0,0,0,0,0,0
1767813231,sr0,0,0,0,0,0,0,0
1767813236,loop0,0,0,0,0,0,0,0
1767813236,loop1,0,0,0,0,0,0,0
1767813236,loop2,0,0,0,0,0,0,0
1767813236,loop3,0,0,0,0,0,0,0
1767813236,sda,1.2,0,1,0.2,0,20.8,1.6
1767813236,sda1,1.2,0,1,0.2,0,20.8,1.6
1767813236,sda14,0,0,0,0,0,0,0
1767813236,sda15,0,0,0,0,0,0,0
1767813236,sdb,0,0,0,0,0,0,0
1767813236,sdb1,0,0,0,0,0,0,0
1767813236,sr0,0,0,0,0,0,0,0
1767813241,loop0,0,0,0,0,0,0,0
1767813241,loop1,0,0,0,0,0,0,0
1767813241,loop2,0,0,0,0,0,0,0
1767813241,loop3,0,0,0,0,0,0,0
1767813241,sda,7.000000000000001,0,6.800000000000001,0.2,0,65.60000000000001,1.6
1767813241,sda1,7.000000000000001,0,6.800000000000001,0.2,0,65.60000000000001,1.6
1767813241,sda14,0,0,0,0,0,0,0
1767813241,sda15,0,0,0,0,0,0,0
1767813241,sdb,0,0,0,0,0,0,0
1767813241,sdb1,0,0,0,0,0,0,0
1767813241,sr0,0,0,0,0,0,0,0
1767813246,loop0,0,0,0,0,0,0,0
1767813246,loop1,0,0,0,0,0,0,0
1767813246,loop2,0,0,0,0,0,0,0
1767813246,loop3,0,0,0,0,0,0,0
1767813246,sda,2,0,1.7999999999999998,0.2,0,32,1.6
1767813246,sda1,2,0,1.7999999999999998,0.2,0,32,1.6
1767813246,sda14,0,0,0,0,0,0,0
1767813246,sda15,0,0,0,0,0,0,0
1767813246,sdb,0,0,0,0,0,0,0
1767813246,sdb1,0,0,0,0,0,0,0
1767813246,sr0,0,0,0,0,0,0,0
1767813251,loop0,0,0,0,0,0,0,0
1767813251,loop1,0,0,0,0,0,0,0
1767813251,loop2,0,0,0,0,0,0,0
1767813251,loop3,0,0,0,0,0,0,0
1767813251,sda,1,0,0.8,0.2,0,14.399999999999999,1.6
1767813251,sda1,1,0,0.8,0.2,0,14.399999999999999,1.6
1767813251,sda14,0,0,0,0,0,0,0
1767813251,sda15,0,0,0,0,0,0,0
1767813251,sdb,0,0,0,0,0,0,0
1767813251,sdb1,0,0,0,0,0,0,0
1767813251,sr0,0,0,0,0,0,0,0
1767813256,loop0,0,0,0,0,0,0,0
1767813256,loop1,0,0,0,0,0,0,0
1767813256,loop2,0,0,0,0,0,0,0
1767813256,loop3,0,0,0,0,0,0,0
1767813256,sda,0.4,0,0.4,0,0,4.8,0
1767813256,sda1,0.4,0,0.4,0,0,4.8,0
1767813256,sda14,0,0,0,0,0,0,0
1767813256,sda15,0,0,0,0,0,0,0
1767813256,sdb,0,0,0,0,0,0,0
1767813256,sdb1,0,0,0,0,0,0,0
1767813256,sr0,0,0,0,0,0,0,0
1767813261,loop0,0,0,0,0,0,0,0
1767813261,loop1,0,0,0,0,0,0,0
1767813261,loop2,0,0,0,0,0,0,0
1767813261,loop3,0,0,0,0,0,0,0
1767813261,sda,0.8,0,0.6,0.2,0,14.399999999999999,1.6
1767813261,sda1,0.8,0,0.6,0.2,0,14.399999999999999,1.6
1767813261,sda14,0,0,0,0,0,0,0
1767813261,sda15,0,0,0,0,0,0,0
1767813261,sdb,0,0,0,0,0,0,0
1767813261,sdb1,0,0,0,0,0,0,0
1767813261,sr0,0,0,0,0,0,0,0
1767813266,loop0,0,0,0,0,0,0,0
1767813266,loop1,0,0,0,0,0,0,0
1767813266,loop2,0,0,0,0,0,0,0
1767813266,loop3,0,0,0,0,0,0,0
1767813266,sda,1.2,0,1,0.2,0,17.599999999999998,1.6
1767813266,sda1,1.2,0,1,0.2,0,17.599999999999998,1.6
1767813266,sda14,0,0,0,0,0,0,0
1767813266,sda15,0,0,0,0,0,0,0
1767813266,sdb,0,0,0,0,0,0,0
1767813266,sdb1,0,0,0,0,0,0,0
1767813266,sr0,0,0,0,0,0,0,0
1767813271,loop0,0,0,0,0,0,0,0
1767813271,loop1,0,0,0,0,0,0,0
1767813271,loop2,0,0,0,0,0,0,0
1767813271,loop3,0,0,0,0,0,0,0
1767813271,sda,1,0.2,0.6,0.2,12.8,14.399999999999999,1.6
1767813271,sda1,1,0.2,0.6,0.2,12.8,14.399999999999999,1.6
1767813271,sda14,0,0,0,0,0,0,0
1767813271,sda15,0,0,0,0,0,0,0
1767813271,sdb,0,0,0,0,0,0,0
1767813271,sdb1,0,0,0,0,0,0,0
1767813271,sr0,0,0,0,0,0,0,0
1767813276,loop0,0,0,0,0,0,0,0
1767813276,loop1,0,0,0,0,0,0,0
1767813276,loop2,0,0,0,0,0,0,0
1767813276,loop3,0,0,0,0,0,0,0
1767813276,sda,7.8,0,7.6,0.2,0,80,1.6
1767813276,sda1,7.8,0,7.6,0.2,0,80,1.6
1767813276,sda14,0,0,0,0,0,0,0
1767813276,sda15,0,0,0,0,0,0,0
1767813276,sdb,0,0,0,0,0,0,0
1767813276,sdb1,0,0,0,0,0,0,0
1767813276,sr0,0,0,0,0,0,0,0
1767813281,loop0,0,0,0,0,0,0,0
1767813281,loop1,0,0,0,0,0,0,0
1767813281,loop2,0,0,0,0,0,0,0
1767813281,loop3,0,0,0,0,0,0,0
1767813281,sda,1.6,0,1.4000000000000001,0.2,0,19.2,1.6
1767813281,sda1,1.6,0,1.4000000000000001,0.2,0,19.2,1.6
1767813281,sda14,0,0,0,0,0,0,0
1767813281,sda15,0,0,0,0,0,0,0
1767813281,sdb,0,0,0,0,0,0,0
1767813281,sdb1,0,0,0,0,0,0,0
1767813281,sr0,0,0,0,0,0,0,0
1767813286,loop0,0,0,0,0,0,0,0
1767813286,loop1,0,0,0,0,0,0,0
1767813286,loop2,0,0,0,0,0,0,0
1767813286,loop3,0,0,0,0,0,0,0
1767813286,sda,0.4,0,0.4,0,0,4.8,0
1767813286,sda1,0.4,0,0.4,0,0,4.8,0
1767813286,sda14,0,0,0,0,0,0,0
1767813286,sda15,0,0,0,0,0,0,0
1767813286,sdb,0,0,0,0,0,0,0
1767813286,sdb1,0,0,0,0,0,0,0
1767813286,sr0,0,0,0,0,0,0,0
1767813291,loop0,0,0,0,0,0,0,0
1767813291,loop1,0,0,0,0,0,0,0
1767813291,loop2,0,0,0,0,0,0,0
1767813291,loop3,0,0,0,0,0,0,0
1767813291,sda,6.6000000000000005,0,6.4,0.2,0,67.2,1.6
1767813291,sda1,6.6000000000000005,0,6.4,0.2,0,67.2,1.6
1767813291,sda14,0,0,0,0,0,0,0
1767813291,sda15,0,0,0,0,0,0,0
1767813291,sdb,0,0,0,0,0,0,0
1767813291,sdb1,0,0,0,0,0,0,0
1767813291,sr0,0,0,0,0,0,0,0
1767813296,loop0,0,0,0,0,0,0,0
1767813296,loop1,0,0,0,0,0,0,0
1767813296,loop2,0,0,0,0,0,0,0
1767813296,loop3,0,0,0,0,0,0,0
1767813296,sda,1.2,0,1,0.2,0,30.4,1.6
1767813296,sda1,1.2,0,1,0.2,0,30.4,1.6
1767813296,sda14,0,0,0,0,0,0,0
1767813296,sda15,0,0,0,0,0,0,0
1767813296,sdb,0,0,0,0,0,0,0
1767813296,sdb1,0,0,0,0,0,0,0
1767813296,sr0,0,0,0,0,0,0,0
1767813301,loop0,0,0,0,0,0,0,0
1767813301,loop1,0,0,0,0,0,0,0
1767813301,loop2,0,0,0,0,0,0,0
1767813301,loop3,0,0,0,0,0,0,0
1767813301,sda,1,0,0.8,0.2,0,17.599999999999998,1.6
1767813301,sda1,1,0,0.8,0.2,0,17.599999999999998,1.6
1767813301,sda14,0,0,0,0,0,0,0
1767813301,sda15,0,0,0,0,0,0,0
1767813301,sdb,0,0,0,0,0,0,0
1767813301,sdb1,0,0,0,0,0,0,0
1767813301,sr0,0,0,0,0,0,0,0
1767813306,loop0,0,0,0,0,0,0,0
1767813306,loop1,0,0,0,0,0,0,0
1767813306,loop2,0,0,0,0,0,0,0
1767813306,loop3,0,0,0,0,0,0,0
1767813306,sda,1.4000000000000001,0,1.2,0.2,0,35.199999999999996,1.6
1767813306,sda1,1.4000000000000001,0,1.2,0.2,0,35.199999999999996,1.6
1767813306,sda14,0,0,0,0,0,0,0
1767813306,sda15,0,0,0,0,0,0,0
1767813306,sdb,0,0,0,0,0,0,0
1767813306,sdb1,0,0,0,0,0,0,0
1767813306,sr0,0,0,0,0,0,0,0
1767813311,loop0,0,0,0,0,0,0,0
1767813311,loop1,0,0,0,0,0,0,0
1767813311,loop2,0,0,0,0,0,0,0
1767813311,loop3,0,0,0,0,0,0,0
1767813311,sda,1.2,0,1,0.2,0,22.400000000000002,1.6
1767813311,sda1,1.2,0,1,0.2,0,22.400000000000002,1.6
1767813311,sda14,0,0,0,0,0,0,0
1767813311,sda15,0,0,0,0,0,0,0
1767813311,sdb,0,0,0,0,0,0,0
1767813311,sdb1,0,0,0,0,0,0,0
1767813311,sr0,0,0,0,0,0,0,0
1767813316,loop0,0,0,0,0,0,0,0
1767813316,loop1,0,0,0,0,0,0,0
1767813316,loop2,0,0,0,0,0,0,0
1767813316,loop3,0,0,0,0,0,0,0
1767813316,sda,2.6,0,2.4,0.2,0,35.199999999999996,1.6
1767813316,sda1,2.6,0,2.4,0.2,0,35.199999999999996,1.6
1767813316,sda14,0,0,0,0,0,0,0
1767813316,sda15,0,0,0,0,0,0,0
1767813316,sdb,0,0,0,0,0,0,0
1767813316,sdb1,0,0,0,0,0,0,0
1767813316,sr0,0,0,0,0,0,0,0
1767813321,loop0,0,0,0,0,0,0,0
1767813321,loop1,0,0,0,0,0,0,0
1767813321,loop2,0,0,0,0,0,0,0
1767813321,loop3,0,0,0,0,0,0,0
1767813321,sda,0.2,0,0.2,0,0,1.6,0
1767813321,sda1,0.2,0,0.2,0,0,1.6,0
1767813321,sda14,0,0,0,0,0,0,0
1767813321,sda15,0,0,0,0,0,0,0
1767813321,sdb,0,0,0,0,0,0,0
1767813321,sdb1,0,0,0,0,0,0,0
1767813321,sr0,0,0,0,0,0,0,0
1767813326,loop0,0,0,0,0,0,0,0
1767813326,loop1,0,0,0,0,0,0,0
1767813326,loop2,0,0,0,0,0,0,0
1767813326,loop3,0,0,0,0,0,0,0
1767813326,sda,15.8,0,15.6,0.2,0,150.4,1.6
1767813326,sda1,15.8,0,15.6,0.2,0,150.4,1.6
1767813326,sda14,0,0,0,0,0,0,0
1767813326,sda15,0,0,0,0,0,0,0
1767813326,sdb,0,0,0,0,0,0,0
1767813326,sdb1,0,0,0,0,0,0,0
1767813326,sr0,0,0,0,0,0,0,0
1767813331,loop0,0,0,0,0,0,0,0
1767813331,loop1,0,0,0,0,0,0,0
1767813331,loop2,0,0,0,0,0,0,0
1767813331,loop3,0,0,0,0,0,0,0
1767813331,sda,0.8,0,0.6,0.2,0,17.599999999999998,1.6
1767813331,sda1,0.8,0,0.6,0.2,0,17.599999999999998,1.6
1767813331,sda14,0,0,0,0,0,0,0
1767813331,sda15,0,0,0,0,0,0,0
1767813331,sdb,0,0,0,0,0,0,0
1767813331,sdb1,0,0,0,0,0,0,0
1767813331,sr0,0,0,0,0,0,0,0
1767813336,loop0,0,0,0,0,0,0,0
1767813336,loop1,0,0,0,0,0,0,0
1767813336,loop2,0,0,0,0,0,0,0
1767813336,loop3,0,0,0,0,0,0,0
1767813336,sda,1.6,0,1.4000000000000001,0.2,0,22.400000000000002,3.2
1767813336,sda1,1.6,0,1.4000000000000001,0.2,0,22.400000000000002,3.2
1767813336,sda14,0,0,0,0,0,0,0
1767813336,sda15,0,0,0,0,0,0,0
1767813336,sdb,0,0,0,0,0,0,0
1767813336,sdb1,0,0,0,0,0,0,0
1767813336,sr0,0,0,0,0,0,0,0
1767813341,loop0,0,0,0,0,0,0,0
1767813341,loop1,0,0,0,0,0,0,0
1767813341,loop2,0,0,0,0,0,0,0
1767813341,loop3,0,0,0,0,0,0,0
1767813341,sda,0.4,0,0.4,0,0,11.200000000000001,0
1767813341,sda1,0.4,0,0.4,0,0,11.200000000000001,0
1767813341,sda14,0,0,0,0,0,0,0
1767813341,sda15,0,0,0,0,0,0,0
1767813341,sdb,0,0,0,0,0,0,0
1767813341,sdb1,0,0,0,0,0,0,0
1767813341,sr0,0,0,0,0,0,0,0
1767813346,loop0,0,0,0,0,0,0,0
1767813346,loop1,0,0,0,0,0,0,0
1767813346,loop2,0,0,0,0,0,0,0
1767813346,loop3,0,0,0,0,0,0,0
1767813346,sda,0.8,0,0.8,0,0,9.6,0
1767813346,sda1,0.8,0,0.8,0,0,9.6,0
1767813346,sda14,0,0,0,0,0,0,0
1767813346,sda15,0,0,0,0,0,0,0
1767813346,sdb,0,0,0,0,0,0,0
1767813346,sdb1,0,0,0,0,0,0,0
1767813346,sr0,0,0,0,0,0,0,0
1767813351,loop0,0,0,0,0,0,0,0
1767813351,loop1,0,0,0,0,0,0,0
1767813351,loop2,0,0,0,0,0,0,0
1767813351,loop3,0,0,0,0,0,0,0
1767813351,sda,2.4,0,2.1999999999999997,0.2,0,28.799999999999997,1.6
1767813351,sda1,2.4,0,2.1999999999999997,0.2,0,28.799999999999997,1.6
1767813351,sda14,0,0,0,0,0,0,0
1767813351,sda15,0,0,0,0,0,0,0
1767813351,sdb,0,0,0,0,0,0,0
1767813351,sdb1,0,0,0,0,0,0,0
1767813351,sr0,0,0,0,0,0,0,0
1767813356,loop0,0,0,0,0,0,0,0
1767813356,loop1,0,0,0,0,0,0,0
1767813356,loop2,0,0,0,0,0,0,0
1767813356,loop3,0,0,0,0,0,0,0
1767813356,sda,9.6,0,9.4,0.2,0,92.80000000000001,1.6
1767813356,sda1,9.6,0,9.4,0.2,0,92.80000000000001,1.6
1767813356,sda14,0,0,0,0,0,0,0
1767813356,sda15,0,0,0,0,0,0,0
1767813356,sdb,0,0,0,0,0,0,0
1767813356,sdb1,0,0,0,0,0,0,0
1767813356,sr0,0,0,0,0,0,0,0
1767813361,loop0,0,0,0,0,0,0,0
1767813361,loop1,0,0,0,0,0,0,0
1767813361,loop2,0,0,0,0,0,0,0
1767813361,loop3,0,0,0,0,0,0,0
1767813361,sda,1.4000000000000001,0,1.2,0.2,0,19.2,1.6
1767813361,sda1,1.4000000000000001,0,1.2,0.2,0,19.2,1.6
1767813361,sda14,0,0,0,0,0,0,0
1767813361,sda15,0,0,0,0,0,0,0
1767813361,sdb,0,0,0,0,0,0,0
1767813361,sdb1,0,0,0,0,0,0,0
1767813361,sr0,0,0,0,0,0,0,0
1767813366,loop0,0,0,0,0,0,0,0
1767813366,loop1,0,0,0,0,0,0,0
1767813366,loop2,0,0,0,0,0,0,0
1767813366,loop3,0,0,0,0,0,0,0
1767813366,sda,1.2,0,1,0.2,0,19.2,1.6
1767813366,sda1,1.2,0,1,0.2,0,19.2,1.6
1767813366,sda14,0,0,0,0,0,0,0
1767813366,sda15,0,0,0,0,0,0,0
1767813366,sdb,0,0,0,0,0,0,0
1767813366,sdb1,0,0,0,0,0,0,0
1767813366,sr0,0,0,0,0,0,0,0
1767813371,loop0,0,0,0,0,0,0,0
1767813371,loop1,0,0,0,0,0,0,0
1767813371,loop2,0,0,0,0,0,0,0
1767813371,loop3,0,0,0,0,0,0,0
1767813371,sda,1,0,0.8,0.2,0,17.599999999999998,1.6
1767813371,sda1,1,0,0.8,0.2,0,17.599999999999998,1.6
1767813371,sda14,0,0,0,0,0,0,0
1767813371,sda15,0,0,0,0,0,0,0
1767813371,sdb,0,0,0,0,0,0,0
1767813371,sdb1,0,0,0,0,0,0,0
1767813371,sr0,0,0,0,0,0,0,0
1767813376,loop0,0,0,0,0,0,0,0
1767813376,loop1,0,0,0,0,0,0,0
1767813376,loop2,0,0,0,0,0,0,0
1767813376,loop3,0,0,0,0,0,0,0
1767813376,sda,1.4000000000000001,0,1.2,0.2,0,24,1.6
1767813376,sda1,1.4000000000000001,0,1.2,0.2,0,24,1.6
1767813376,sda14,0,0,0,0,0,0,0
1767813376,sda15,0,0,0,0,0,0,0
1767813376,sdb,0,0,0,0,0,0,0
1767813376,sdb1,0,0,0,0,0,0,0
1767813376,sr0,0,0,0,0,0,0,0
1767813381,loop0,0,0,0,0,0,0,0
1767813381,loop1,0,0,0,0,0,0,0
1767813381,loop2,0,0,0,0,0,0,0
1767813381,loop3,0,0,0,0,0,0,0
1767813381,sda,0.2,0,0.2,0,0,1.6,0
1767813381,sda1,0.2,0,0.2,0,0,1.6,0
1767813381,sda14,0,0,0,0,0,0,0
1767813381,sda15,0,0,0,0,0,0,0
1767813381,sdb,0,0,0,0,0,0,0
1767813381,sdb1,0,0,0,0,0,0,0
1767813381,sr0,0,0,0,0,0,0,0
1767813386,loop0,0,0,0,0,0,0,0
1767813386,loop1,0,0,0,0,0,0,0
1767813386,loop2,0,0,0,0,0,0,0
1767813386,loop3,0,0,0,0,0,0,0
1767813386,sda,1.2,0,1,0.2,0,19.2,1.6
1767813386,sda1,1.2,0,1,0.2,0,19.2,1.6
1767813386,sda14,0,0,0,0,0,0,0
1767813386,sda15,0,0,0,0,0,0,0
1767813386,sdb,0,0,0,0,0,0,0
1767813386,sdb1,0,0,0,0,0,0,0
1767813386,sr0,0,0,0,0,0,0,0
1767813391,loop0,0,0,0,0,0,0,0
1767813391,loop1,0,0,0,0,0,0,0
1767813391,loop2,0,0,0,0,0,0,0
1767813391,loop3,0,0,0,0,0,0,0
1767813391,sda,0.8,0,0.6,0.2,0,14.399999999999999,1.6
1767813391,sda1,0.8,0,0.6,0.2,0,14.399999999999999,1.6
1767813391,sda14,0,0,0,0,0,0,0
1767813391,sda15,0,0,0,0,0,0,0
1767813391,sdb,0,0,0,0,0,0,0
1767813391,sdb1,0,0,0,0,0,0,0
1767813391,sr0,0,0,0,0,0,0,0
1767813396,loop0,0,0,0,0,0,0,0
1767813396,loop1,0,0,0,0,0,0,0
1767813396,loop2,0,0,0,0,0,0,0
1767813396,loop3,0,0,0,0,0,0,0
1767813396,sda,1.6,0,1.4000000000000001,0.2,0,24,3.2
1767813396,sda1,1.6,0,1.4000000000000001,0.2,0,24,3.2
1767813396,sda14,0,0,0,0,0,0,0
1767813396,sda15,0,0,0,0,0,0,0
1767813396,sdb,0,0,0,0,0,0,0
1767813396,sdb1,0,0,0,0,0,0,0
1767813396,sr0,0,0,0,0,0,0,0
1767813401,loop0,0,0,0,0,0,0,0
1767813401,loop1,0,0,0,0,0,0,0
1767813401,loop2,0,0,0,0,0,0,0
1767813401,loop3,0,0,0,0,0,0,0
1767813401,sda,6.2,0,6.2,0,0,52.800000000000004,0
1767813401,sda1,6.2,0,6.2,0,0,52.800000000000004,0
1767813401,sda14,0,0,0,0,0,0,0
1767813401,sda15,0,0,0,0,0,0,0
1767813401,sdb,0,0,0,0,0,0,0
1767813401,sdb1,0,0,0,0,0,0,0
1767813401,sr0,0,0,0,0,0,0,0
1767813406,loop0,0,0,0,0,0,0,0
1767813406,loop1,0,0,0,0,0,0,0
1767813406,loop2,0,0,0,0,0,0,0
1767813406,loop3,0,0,0,0,0,0,0
1767813406,sda,1.2,0,1.2,0,0,20.8,0
1767813406,sda1,1.2,0,1.2,0,0,20.8,0
1767813406,sda14,0,0,0,0,0,0,0
1767813406,sda15,0,0,0,0,0,0,0
1767813406,sdb,0,0,0,0,0,0,0
1767813406,sdb1,0,0,0,0,0,0,0
1767813406,sr0,0,0,0,0,0,0,0
1767813411,loop0,0,0,0,0,0,0,0
1767813411,loop1,0,0,0,0,0,0,0
1767813411,loop2,0,0,0,0,0,0,0
1767813411,loop3,0,0,0,0,0,0,0
1767813411,sda,0.8,0,0.6,0.2,0,14.399999999999999,1.6
1767813411,sda1,0.8,0,0.6,0.2,0,14.399999999999999,1.6
1767813411,sda14,0,0,0,0,0,0,0
1767813411,sda15,0,0,0,0,0,0,0
1767813411,sdb,0,0,0,0,0,0,0
1767813411,sdb1,0,0,0,0,0,0,0
1767813411,sr0,0,0,0,0,0,0,0
1767813416,loop0,0,0,0,0,0,0,0
1767813416,loop1,0,0,0,0,0,0,0
1767813416,loop2,0,0,0,0,0,0,0
1767813416,loop3,0,0,0,0,0,0,0
1767813416,sda,7.8,0,7.6,0.2,0,75.2,3.2
1767813416,sda1,7.8,0,7.6,0.2,0,75.2,3.2
1767813416,sda14,0,0,0,0,0,0,0
1767813416,sda15,0,0,0,0,0,0,0
1767813416,sdb,0,0,0,0,0,0,0
1767813416,sdb1,0,0,0,0,0,0,0
1767813416,sr0,0,0,0,0,0,0,0
1767813421,loop0,0,0,0,0,0,0,0
1767813421,loop1,0,0,0,0,0,0,0
1767813421,loop2,0,0,0,0,0,0,0
1767813421,loop3,0,0,0,0,0,0,0
1767813421,sda,0.8,0,0.6,0.2,0,12.8,1.6
1767813421,sda1,0.8,0,0.6,0.2,0,12.8,1.6
1767813421,sda14,0,0,0,0,0,0,0
1767813421,sda15,0,0,0,0,0,0,0
1767813421,sdb,0,0,0,0,0,0,0
1767813421,sdb1,0,0,0,0,0,0,0
1767813421,sr0,0,0,0,0,0,0,0
1767813426,loop0,0,0,0,0,0,0,0
1767813426,loop1,0,0,0,0,0,0,0
1767813426,loop2,0,0,0,0,0,0,0
1767813426,loop3,0,0,0,0,0,0,0
1767813426,sda,1,0,1,0,0,25.6,0
1767813426,sda1,1,0,1,0,0,25.6,0
1767813426,sda14,0,0,0,0,0,0,0
1767813426,sda15,0,0,0,0,0,0,0
1767813426,sdb,0,0,0,0,0,0,0
1767813426,sdb1,0,0,0,0,0,0,0
1767813426,sr0,0,0,0,0,0,0,0
1767813431,loop0,0,0,0,0,0,0,0
1767813431,loop1,0,0,0,0,0,0,0
1767813431,loop2,0,0,0,0,0,0,0
1767813431,loop3,0,0,0,0,0,0,0
1767813431,sda,1.6,0,1.4000000000000001,0.2,0,22.400000000000002,1.6
1767813431,sda1,1.6,0,1.4000000000000001,0.2,0,22.400000000000002,1.6
1767813431,sda14,0,0,0,0,0,0,0
1767813431,sda15,0,0,0,0,0,0,0
1767813431,sdb,0,0,0,0,0,0,0
1767813431,sdb1,0,0,0,0,0,0,0
1767813431,sr0,0,0,0,0,0,0,0
1767813436,loop0,0,0,0,0,0,0,0
1767813436,loop1,0,0,0,0,0,0,0
1767813436,loop2,0,0,0,0,0,0,0
1767813436,loop3,0,0,0,0,0,0,0
1767813436,sda,0.6,0,0.6,0,0,6.4,0
1767813436,sda1,0.6,0,0.6,0,0,6.4,0
1767813436,sda14,0,0,0,0,0,0,0
1767813436,sda15,0,0,0,0,0,0,0
1767813436,sdb,0,0,0,0,0,0,0
1767813436,sdb1,0,0,0,0,0,0,0
1767813436,sr0,0,0,0,0,0,0,0
1767813441,loop0,0,0,0,0,0,0,0
1767813441,loop1,0,0,0,0,0,0,0
1767813441,loop2,0,0,0,0,0,0,0
1767813441,loop3,0,0,0,0,0,0,0
1767813441,sda,1,0,0.8,0.2,0,19.2,1.6
1767813441,sda1,1,0,0.8,0.2,0,19.2,1.6
1767813441,sda14,0,0,0,0,0,0,0
1767813441,sda15,0,0,0,0,0,0,0
1767813441,sdb,0,0,0,0,0,0,0
1767813441,sdb1,0,0,0,0,0,0,0
1767813441,sr0,0,0,0,0,0,0,0
1767813446,loop0,0,0,0,0,0,0,0
1767813446,loop1,0,0,0,0,0,0,0
1767813446,loop2,0,0,0,0,0,0,0
1767813446,loop3,0,0,0,0,0,0,0
1767813446,sda,1.2,0,1,0.2,0,19.2,1.6
1767813446,sda1,1.2,0,1,0.2,0,19.2,1.6
1767813446,sda14,0,0,0,0,0,0,0
1767813446,sda15,0,0,0,0,0,0,0
1767813446,sdb,0,0,0,0,0,0,0
1767813446,sdb1,0,0,0,0,0,0,0
1767813446,sr0,0,0,0,0,0,0,0
1767813451,loop0,0,0,0,0,0,0,0
1767813451,loop1,0,0,0,0,0,0,0
1767813451,loop2,0,0,0,0,0,0,0
1767813451,loop3,0,0,0,0,0,0,0
1767813451,sda,0.8,0,0.6,0.2,0,12.8,1.6
1767813451,sda1,0.8,0,0.6,0.2,0,12.8,1.6
1767813451,sda14,0,0,0,0,0,0,0
1767813451,sda15,0,0,0,0,0,0,0
1767813451,sdb,0,0,0,0,0,0,0
1767813451,sdb1,0,0,0,0,0,0,0
1767813451,sr0,0,0,0,0,0,0,0
1767813456,loop0,0,0,0,0,0,0,0
1767813456,loop1,0,0,0,0,0,0,0
1767813456,loop2,0,0,0,0,0,0,0
1767813456,loop3,0,0,0,0,0,0,0
1767813456,sda,12.8,0,12.6,0.2,0,132.8,1.6
1767813456,sda1,12.8,0,12.6,0.2,0,132.8,1.6
1767813456,sda14,0,0,0,0,0,0,0
1767813456,sda15,0,0,0,0,0,0,0
1767813456,sdb,0,0,0,0,0,0,0
1767813456,sdb1,0,0,0,0,0,0,0
1767813456,sr0,0,0,0,0,0,0,0
1767813461,loop0,0,0,0,0,0,0,0
1767813461,loop1,0,0,0,0,0,0,0
1767813461,loop2,0,0,0,0,0,0,0
1767813461,loop3,0,0,0,0,0,0,0
1767813461,sda,0.2,0,0.2,0,0,1.6,0
1767813461,sda1,0.2,0,0.2,0,0,1.6,0
1767813461,sda14,0,0,0,0,0,0,0
1767813461,sda15,0,0,0,0,0,0,0
1767813461,sdb,0,0,0,0,0,0,0
1767813461,sdb1,0,0,0,0,0,0,0
1767813461,sr0,0,0,0,0,0,0,0
1767813466,loop0,0,0,0,0,0,0,0
1767813466,loop1,0,0,0,0,0,0,0
1767813466,loop2,0,0,0,0,0,0,0
1767813466,loop3,0,0,0,0,0,0,0
1767813466,sda,2.4,0,2.1999999999999997,0.2,0,33.6,1.6
1767813466,sda1,2.4,0,2.1999999999999997,0.2,0,33.6,1.6
1767813466,sda14,0,0,0,0,0,0,0
1767813466,sda15,0,0,0,0,0,0,0
1767813466,sdb,0,0,0,0,0,0,0
1767813466,sdb1,0,0,0,0,0,0,0
1767813466,sr0,0,0,0,0,0,0,0
1767813471,loop0,0,0,0,0,0,0,0
1767813471,loop1,0,0,0,0,0,0,0
1767813471,loop2,0,0,0,0,0,0,0
1767813471,loop3,0,0,0,0,0,0,0
1767813471,sda,1.2,0,1,0.2,0,20.8,1.6
1767813471,sda1,1.2,0,1,0.2,0,20.8,1.6
1767813471,sda14,0,0,0,0,0,0,0
1767813471,sda15,0,0,0,0,0,0,0
1767813471,sdb,0,0,0,0,0,0,0
1767813471,sdb1,0,0,0,0,0,0,0
1767813471,sr0,0,0,0,0,0,0,0
1767813476,loop0,0,0,0,0,0,0,0
1767813476,loop1,0,0,0,0,0,0,0
1767813476,loop2,0,0,0,0,0,0,0
1767813476,loop3,0,0,0,0,0,0,0
1767813476,sda,8.200000000000001,0,8,0.2,0,76.8,1.6
1767813476,sda1,8.200000000000001,0,8,0.2,0,76.8,1.6
1767813476,sda14,0,0,0,0,0,0,0
1767813476,sda15,0,0,0,0,0,0,0
1767813476,sdb,0,0,0,0,0,0,0
1767813476,sdb1,0,0,0,0,0,0,0
1767813476,sr0,0,0,0,0,0,0,0
1767813481,loop0,0,0,0,0,0,0,0
1767813481,loop1,0,0,0,0,0,0,0
1767813481,loop2,0,0,0,0,0,0,0
1767813481,loop3,0,0,0,0,0,0,0
1767813481,sda,0.8,0,0.6,0.2,0,12.8,1.6
1767813481,sda1,0.8,0,0.6,0.2,0,12.8,1.6
1767813481,sda14,0,0,0,0,0,0,0
1767813481,sda15,0,0,0,0,0,0,0
1767813481,sdb,0,0,0,0,0,0,0
1767813481,sdb1,0,0,0,0,0,0,0
1767813481,sr0,0,0,0,0,0,0,0
1767813486,loop0,0,0,0,0,0,0,0
1767813486,loop1,0,0,0,0,0,0,0
1767813486,loop2,0,0,0,0,0,0,0
1767813486,loop3,0,0,0,0,0,0,0
1767813486,sda,1,0,0.8,0.2,0,17.599999999999998,1.6
1767813486,sda1,1,0,0.8,0.2,0,17.599999999999998,1.6
1767813486,sda14,0,0,0,0,0,0,0
1767813486,sda15,0,0,0,0,0,0,0
1767813486,sdb,0,0,0,0,0,0,0
1767813486,sdb1,0,0,0,0,0,0,0
1767813486,sr0,0,0,0,0,0,0,0
1767813491,loop0,0,0,0,0,0,0,0
1767813491,loop1,0,0,0,0,0,0,0
1767813491,loop2,0,0,0,0,0,0,0
1767813491,loop3,0,0,0,0,0,0,0
1767813491,sda,0.2,0,0.2,0,0,1.6,0
1767813491,sda1,0.2,0,0.2,0,0,1.6,0
1767813491,sda14,0,0,0,0,0,0,0
1767813491,sda15,0,0,0,0,0,0,0
1767813491,sdb,0,0,0,0,0,0,0
1767813491,sdb1,0,0,0,0,0,0,0
1767813491,sr0,0,0,0,0,0,0,0
1767813496,loop0,0,0,0,0,0,0,0
1767813496,loop1,0,0,0,0,0,0,0
1767813496,loop2,0,0,0,0,0,0,0
1767813496,loop3,0,0,0,0,0,0,0
1767813496,sda,1.2,0,1,0.2,0,20.8,1.6
1767813496,sda1,1.2,0,1,0.2,0,20.8,1.6
1767813496,sda14,0,0,0,0,0,0,0
1767813496,sda15,0,0,0,0,0,0,0
1767813496,sdb,0,0,0,0,0,0,0
1767813496,sdb1,0,0,0,0,0,0,0
1767813496,sr0,0,0,0,0,0,0,0
1767813501,loop0,0,0,0,0,0,0,0
1767813501,loop1,0,0,0,0,0,0,0
1767813501,loop2,0,0,0,0,0,0,0
1767813501,loop3,0,0,0,0,0,0,0
1767813501,sda,0.8,0,0.6,0.2,0,16,1.6
1767813501,sda1,0.8,0,0.6,0.2,0,16,1.6
1767813501,sda14,0,0,0,0,0,0,0
1767813501,sda15,0,0,0,0,0,0,0
1767813501,sdb,0,0,0,0,0,0,0
1767813501,sdb1,0,0,0,0,0,0,0
1767813501,sr0,0,0,0,0,0,0,0
1767813506,loop0,0,0,0,0,0,0,0
1767813506,loop1,0,0,0,0,0,0,0
1767813506,loop2,0,0,0,0,0,0,0
1767813506,loop3,0,0,0,0,0,0,0
1767813506,sda,2,0,1.7999999999999998,0.2,0,28.799999999999997,1.6
1767813506,sda1,2,0,1.7999999999999998,0.2,0,28.799999999999997,1.6
1767813506,sda14,0,0,0,0,0,0,0
1767813506,sda15,0,0,0,0,0,0,0
1767813506,sdb,0,0,0,0,0,0,0
1767813506,sdb1,0,0,0,0,0,0,0
1767813506,sr0,0,0,0,0,0,0,0
1767813511,loop0,0,0,0,0,0,0,0
1767813511,loop1,0,0,0,0,0,0,0
1767813511,loop2,0,0,0,0,0,0,0
1767813511,loop3,0,0,0,0,0,0,0
1767813511,sda,1.2,0,1,0.2,0,19.2,1.6
1767813511,sda1,1.2,0,1,0.2,0,19.2,1.6
1767813511,sda14,0,0,0,0,0,0,0
1767813511,sda15,0,0,0,0,0,0,0
1767813511,sdb,0,0,0,0,0,0,0
1767813511,sdb1,0,0,0,0,0,0,0
1767813511,sr0,0,0,0,0,0,0,0
1767813516,loop0,0,0,0,0,0,0,0
1767813516,loop1,0,0,0,0,0,0,0
1767813516,loop2,0,0,0,0,0,0,0
1767813516,loop3,0,0,0,0,0,0,0
1767813516,sda,0.6,0,0.4,0.2,0,11.200000000000001,1.6
1767813516,sda1,0.6,0,0.4,0.2,0,11.200000000000001,1.6
1767813516,sda14,0,0,0,0,0,0,0
1767813516,sda15,0,0,0,0,0,0,0
1767813516,sdb,0,0,0,0,0,0,0
1767813516,sdb1,0,0,0,0,0,0,0
1767813516,sr0,0,0,0,0,0,0,0
1767813521,loop0,0,0,0,0,0,0,0
1767813521,loop1,0,0,0,0,0,0,0
1767813521,loop2,0,0,0,0,0,0,0
1767813521,loop3,0,0,0,0,0,0,0
1767813521,sda,0.6,0,0.6,0,0,6.4,0
1767813521,sda1,0.6,0,0.6,0,0,6.4,0
1767813521,sda14,0,0,0,0,0,0,0
1767813521,sda15,0,0,0,0,0,0,0
1767813521,sdb,0,0,0,0,0,0,0
1767813521,sdb1,0,0,0,0,0,0,0
1767813521,sr0,0,0,0,0,0,0,0
1767813526,loop0,0,0,0,0,0,0,0
1767813526,loop1,0,0,0,0,0,0,0
1767813526,loop2,0,0,0,0,0,0,0
1767813526,loop3,0,0,0,0,0,0,0
1767813526,sda,0.8,0,0.6,0.2,0,14.399999999999999,1.6
1767813526,sda1,0.8,0,0.6,0.2,0,14.399999999999999,1.6
1767813526,sda14,0,0,0,0,0,0,0
1767813526,sda15,0,0,0,0,0,0,0
1767813526,sdb,0,0,0,0,0,0,0
1767813526,sdb1,0,0,0,0,0,0,0
1767813526,sr0,0,0,0,0,0,0,0
1767813531,loop0,0,0,0,0,0,0,0
1767813531,loop1,0,0,0,0,0,0,0
1767813531,loop2,0,0,0,0,0,0,0
1767813531,loop3,0,0,0,0,0,0,0
1767813531,sda,9,0,8.799999999999999,0.2,0,88,1.6
1767813531,sda1,9,0,8.799999999999999,0.2,0,88,1.6
1767813531,sda14,0,0,0,0,0,0,0
1767813531,sda15,0,0,0,0,0,0,0
1767813531,sdb,0,0,0,0,0,0,0
1767813531,sdb1,0,0,0,0,0,0,0
1767813531,sr0,0,0,0,0,0,0,0
1767813536,loop0,0,0,0,0,0,0,0
1767813536,loop1,0,0,0,0,0,0,0
1767813536,loop2,0,0,0,0,0,0,0
1767813536,loop3,0,0,0,0,0,0,0
1767813536,sda,1,0,0.8,0.2,0,20.8,1.6
1767813536,sda1,1,0,0.8,0.2,0,20.8,1.6
1767813536,sda14,0,0,0,0,0,0,0
1767813536,sda15,0,0,0,0,0,0,0
1767813536,sdb,0,0,0,0,0,0,0
1767813536,sdb1,0,0,0,0,0,0,0
1767813536,sr0,0,0,0,0,0,0,0
1767813541,loop0,0,0,0,0,0,0,0
1767813541,loop1,0,0,0,0,0,0,0
1767813541,loop2,0,0,0,0,0,0,0
1767813541,loop3,0,0,0,0,0,0,0
1767813541,sda,2.8000000000000003,0,2.6,0.2,0,33.6,1.6
1767813541,sda1,2.8000000000000003,0,2.6,0.2,0,33.6,1.6
1767813541,sda14,0,0,0,0,0,0,0
1767813541,sda15,0,0,0,0,0,0,0
1767813541,sdb,0,0,0,0,0,0,0
1767813541,sdb1,0,0,0,0,0,0,0
1767813541,sr0,0,0,0,0,0,0,0
1767813546,loop0,0,0,0,0,0,0,0
1767813546,loop1,0,0,0,0,0,0,0
1767813546,loop2,0,0,0,0,0,0,0
1767813546,loop3,0,0,0,0,0,0,0
1767813546,sda,0,0,0,0,0,0,0
1767813546,sda1,0,0,0,0,0,0,0
1767813546,sda14,0,0,0,0,0,0,0
1767813546,sda15,0,0,0,0,0,0,0
1767813546,sdb,0,0,0,0,0,0,0
1767813546,sdb1,0,0,0,0,0,0,0
1767813546,sr0,0,0,0,0,0,0,0
1767813551,loop0,0,0,0,0,0,0,0
1767813551,loop1,0,0,0,0,0,0,0
1767813551,loop2,0,0,0,0,0,0,0
1767813551,loop3,0,0,0,0,0,0,0
1767813551,sda,1.2,0,1,0.2,0,17.599999999999998,1.6
1767813551,sda1,1.2,0,1,0.2,0,17.599999999999998,1.6
1767813551,sda14,0,0,0,0,0,0,0
1767813551,sda15,0,0,0,0,0,0,0
1767813551,sdb,0,0,0,0,0,0,0
1767813551,sdb1,0,0,0,0,0,0,0
1767813551,sr0,0,0,0,0,0,0,0
1767813556,loop0,0,0,0,0,0,0,0
1767813556,loop1,0,0,0,0,0,0,0
1767813556,loop2,0,0,0,0,0,0,0
1767813556,loop3,0,0,0,0,0,0,0
1767813556,sda,0.8,0,0.6,0.2,0,14.399999999999999,1.6
1767813556,sda1,0.8,0,0.6,0.2,0,14.399999999999999,1.6
1767813556,sda14,0,0,0,0,0,0,0
1767813556,sda15,0,0,0,0,0,0,0
1767813556,sdb,0,0,0,0,0,0,0
1767813556,sdb1,0,0,0,0,0,0,0
1767813556,sr0,0,0,0,0,0,0,0
1767813561,loop0,0,0,0,0,0,0,0
1767813561,loop1,0,0,0,0,0,0,0
1767813561,loop2,0,0,0,0,0,0,0
1767813561,loop3,0,0,0,0,0,0,0
1767813561,sda,1.2,0,1,0.2,0,20.8,1.6
1767813561,sda1,1.2,0,1,0.2,0,20.8,1.6
1767813561,sda14,0,0,0,0,0,0,0
1767813561,sda15,0,0,0,0,0,0,0
1767813561,sdb,0,0,0,0,0,0,0
1767813561,sdb1,0,0,0,0,0,0,0
1767813561,sr0,0,0,0,0,0,0,0
1767813566,loop0,0,0,0,0,0,0,0
1767813566,loop1,0,0,0,0,0,0,0
1767813566,loop2,0,0,0,0,0,0,0
1767813566,loop3,0,0,0,0,0,0,0
1767813566,sda,0.8,0,0.6,0.2,0,16,1.6
1767813566,sda1,0.8,0,0.6,0.2,0,16,1.6
1767813566,sda14,0,0,0,0,0,0,0
1767813566,sda15,0,0,0,0,0,0,0
1767813566,sdb,0,0,0,0,0,0,0
1767813566,sdb1,0,0,0,0,0,0,0
1767813566,sr0,0,0,0,0,0,0,0
1767813571,loop0,0,0,0,0,0,0,0
1767813571,loop1,0,0,0,0,0,0,0
1767813571,loop2,0,0,0,0,0,0,0
1767813571,loop3,0,0,0,0,0,0,0
1767813571,sda,1.4000000000000001,0,1.2,0.2,0,25.6,1.6
1767813571,sda1,1.4000000000000001,0,1.2,0.2,0,25.6,1.6
1767813571,sda14,0,0,0,0,0,0,0
1767813571,sda15,0,0,0,0,0,0,0
1767813571,sdb,0,0,0,0,0,0,0
1767813571,sdb1,0,0,0,0,0,0,0
1767813571,sr0,0,0,0,0,0,0,0
1767813576,loop0,0,0,0,0,0,0,0
1767813576,loop1,0,0,0,0,0,0,0
1767813576,loop2,0,0,0,0,0,0,0
1767813576,loop3,0,0,0,0,0,0,0
1767813576,sda,0,0,0,0,0,0,0
1767813576,sda1,0,0,0,0,0,0,0
1767813576,sda14,0,0,0,0,0,0,0
1767813576,sda15,0,0,0,0,0,0,0
1767813576,sdb,0,0,0,0,0,0,0
1767813576,sdb1,0,0,0,0,0,0,0
1767813576,sr0,0,0,0,0,0,0,0
1767813581,loop0,0,0,0,0,0,0,0
1767813581,loop1,0,0,0,0,0,0,0
1767813581,loop2,0,0,0,0,0,0,0
1767813581,loop3,0,0,0,0,0,0,0
1767813581,sda,1.6,0,1.4000000000000001,0.2,0,25.6,1.6
1767813581,sda1,1.6,0,1.4000000000000001,0.2,0,25.6,1.6
1767813581,sda14,0,0,0,0,0,0,0
1767813581,sda15,0,0,0,0,0,0,0
1767813581,sdb,0,0,0,0,0,0,0
1767813581,sdb1,0,0,0,0,0,0,0
1767813581,sr0,0,0,0,0,0,0,0
1767813586,loop0,0,0,0,0,0,0,0
1767813586,loop1,0,0,0,0,0,0,0
1767813586,loop2,0,0,0,0,0,0,0
1767813586,loop3,0,0,0,0,0,0,0
1767813586,sda,0.8,0,0.6,0.2,0,14.399999999999999,1.6
1767813586,sda1,0.8,0,0.6,0.2,0,14.399999999999999,1.6
1767813586,sda14,0,0,0,0,0,0,0
1767813586,sda15,0,0,0,0,0,0,0
1767813586,sdb,0,0,0,0,0,0,0
1767813586,sdb1,0,0,0,0,0,0,0
1767813586,sr0,0,0,0,0,0,0,0
1767813591,loop0,0,0,0,0,0,0,0
1767813591,loop1,0,0,0,0,0,0,0
1767813591,loop2,0,0,0,0,0,0,0
1767813591,loop3,0,0,0,0,0,0,0
1767813591,sda,1.2,0,1,0.2,0,27.200000000000003,1.6
1767813591,sda1,1.2,0,1,0.2,0,27.200000000000003,1.6
1767813591,sda14,0,0,0,0,0,0,0
1767813591,sda15,0,0,0,0,0,0,0
1767813591,sdb,0,0,0,0,0,0,0
1767813591,sdb1,0,0,0,0,0,0,0
1767813591,sr0,0,0,0,0,0,0,0
1767813596,loop0,0,0,0,0,0,0,0
1767813596,loop1,0,0,0,0,0,0,0
1767813596,loop2,0,0,0,0,0,0,0
1767813596,loop3,0,0,0,0,0,0,0
1767813596,sda,12,0,11.799999999999999,0.2,0,131.20000000000002,1.6
1767813596,sda1,12,0,11.799999999999999,0.2,0,131.20000000000002,1.6
1767813596,sda14,0,0,0,0,0,0,0
1767813596,sda15,0,0,0,0,0,0,0
1767813596,sdb,0,0,0,0,0,0,0
1767813596,sdb1,0,0,0,0,0,0,0
1767813596,sr0,0,0,0,0,0,0,0
1767813601,loop0,0,0,0,0,0,0,0
1767813601,loop1,0,0,0,0,0,0,0
1767813601,loop2,0,0,0,0,0,0,0
1767813601,loop3,0,0,0,0,0,0,0
1767813601,sda,1.6,0,1.4000000000000001,0.2,0,36.8,1.6
1767813601,sda1,1.6,0,1.4000000000000001,0.2,0,36.8,1.6
1767813601,sda14,0,0,0,0,0,0,0
1767813601,sda15,0,0,0,0,0,0,0
1767813601,sdb,0,0,0,0,0,0,0
1767813601,sdb1,0,0,0,0,0,0,0
1767813601,sr0,0,0,0,0,0,0,0
1767813606,loop0,0,0,0,0,0,0,0
1767813606,loop1,0,0,0,0,0,0,0
1767813606,loop2,0,0,0,0,0,0,0
1767813606,loop3,0,0,0,0,0,0,0
1767813606,sda,1,0,0.8,0.2,0,20.8,1.6
1767813606,sda1,1,0,0.8,0.2,0,20.8,1.6
1767813606,sda14,0,0,0,0,0,0,0
1767813606,sda15,0,0,0,0,0,0,0
1767813606,sdb,0,0,0,0,0,0,0
1767813606,sdb1,0,0,0,0,0,0,0
1767813606,sr0,0,0,0,0,0,0,0
1767813611,loop0,0,0,0,0,0,0,0
1767813611,loop1,0,0,0,0,0,0,0
1767813611,loop2,0,0,0,0,0,0,0
1767813611,loop3,0,0,0,0,0,0,0
1767813611,sda,0.6,0,0.6,0,0,6.4,0
1767813611,sda1,0.6,0,0.6,0,0,6.4,0
1767813611,sda14,0,0,0,0,0,0,0
1767813611,sda15,0,0,0,0,0,0,0
1767813611,sdb,0,0,0,0,0,0,0
1767813611,sdb1,0,0,0,0,0,0,0
1767813611,sr0,0,0,0,0,0,0,0
1767813616,loop0,0,0,0,0,0,0,0
1767813616,loop1,0,0,0,0,0,0,0
1767813616,loop2,0,0,0,0,0,0,0
1767813616,loop3,0,0,0,0,0,0,0
1767813616,sda,12.6,0,12.4,0.2,0,134.4,1.6
1767813616,sda1,12.6,0,12.4,0.2,0,134.4,1.6
1767813616,sda14,0,0,0,0,0,0,0
1767813616,sda15,0,0,0,0,0,0,0
1767813616,sdb,0,0,0,0,0,0,0
1767813616,sdb1,0,0,0,0,0,0,0
1767813616,sr0,0,0,0,0,0,0,0
1767813621,loop0,0,0,0,0,0,0,0
1767813621,loop1,0,0,0,0,0,0,0
1767813621,loop2,0,0,0,0,0,0,0
1767813621,loop3,0,0,0,0,0,0,0
1767813621,sda,1.2,0,1,0.2,0,20.8,1.6
1767813621,sda1,1.2,0,1,0.2,0,20.8,1.6
1767813621,sda14,0,0,0,0,0,0,0
1767813621,sda15,0,0,0,0,0,0,0
1767813621,sdb,0,0,0,0,0,0,0
1767813621,sdb1,0,0,0,0,0,0,0
1767813621,sr0,0,0,0,0,0,0,0
1767813626,loop0,0,0,0,0,0,0,0
1767813626,loop1,0,0,0,0,0,0,0
1767813626,loop2,0,0,0,0,0,0,0
1767813626,loop3,0,0,0,0,0,0,0
1767813626,sda,1,0,0.8,0.2,0,16,1.6
1767813626,sda1,1,0,0.8,0.2,0,16,1.6
1767813626,sda14,0,0,0,0,0,0,0
1767813626,sda15,0,0,0,0,0,0,0
1767813626,sdb,0,0,0,0,0,0,0
1767813626,sdb1,0,0,0,0,0,0,0
1767813626,sr0,0,0,0,0,0,0,0
1767813631,loop0,0,0,0,0,0,0,0
1767813631,loop1,0,0,0,0,0,0,0
1767813631,loop2,0,0,0,0,0,0,0
1767813631,loop3,0,0,0,0,0,0,0
1767813631,sda,1,0,0.8,0.2,0,28.799999999999997,3.2
1767813631,sda1,1,0,0.8,0.2,0,28.799999999999997,3.2
1767813631,sda14,0,0,0,0,0,0,0
1767813631,sda15,0,0,0,0,0,0,0
1767813631,sdb,0,0,0,0,0,0,0
1767813631,sdb1,0,0,0,0,0,0,0
1767813631,sr0,0,0,0,0,0,0,0
1767813636,loop0,0,0,0,0,0,0,0
1767813636,loop1,0,0,0,0,0,0,0
1767813636,loop2,0,0,0,0,0,0,0
1767813636,loop3,0,0,0,0,0,0,0
1767813636,sda,9,0,9,0,0,86.4,0
1767813636,sda1,9,0,9,0,0,86.4,0
1767813636,sda14,0,0,0,0,0,0,0
1767813636,sda15,0,0,0,0,0,0,0
1767813636,sdb,0,0,0,0,0,0,0
1767813636,sdb1,0,0,0,0,0,0,0
1767813636,sr0,0,0,0,0,0,0,0
1767813641,loop0,0,0,0,0,0,0,0
1767813641,loop1,0,0,0,0,0,0,0
1767813641,loop2,0,0,0,0,0,0,0
1767813641,loop3,0,0,0,0,0,0,0
1767813641,sda,1,0,1,0,0,14.399999999999999,0
1767813641,sda1,1,0,1,0,0,14.399999999999999,0
1767813641,sda14,0,0,0,0,0,0,0
1767813641,sda15,0,0,0,0,0,0,0
1767813641,sdb,0,0,0,0,0,0,0
1767813641,sdb1,0,0,0,0,0,0,0
1767813641,sr0,0,0,0,0,0,0,0
1767813646,loop0,0,0,0,0,0,0,0
1767813646,loop1,0,0,0,0,0,0,0
1767813646,loop2,0,0,0,0,0,0,0
1767813646,loop3,0,0,0,0,0,0,0
1767813646,sda,0.8,0,0.6,0.2,0,14.399999999999999,1.6
1767813646,sda1,0.8,0,0.6,0.2,0,14.399999999999999,1.6
1767813646,sda14,0,0,0,0,0,0,0
1767813646,sda15,0,0,0,0,0,0,0
1767813646,sdb,0,0,0,0,0,0,0
1767813646,sdb1,0,0,0,0,0,0,0
1767813646,sr0,0,0,0,0,0,0,0
1767813651,loop0,0,0,0,0,0,0,0
1767813651,loop1,0,0,0,0,0,0,0
1767813651,loop2,0,0,0,0,0,0,0
1767813651,loop3,0,0,0,0,0,0,0
1767813651,sda,1.2,0,1,0.2,0,19.2,1.6
1767813651,sda1,1.2,0,1,0.2,0,19.2,1.6
1767813651,sda14,0,0,0,0,0,0,0
1767813651,sda15,0,0,0,0,0,0,0
1767813651,sdb,0,0,0,0,0,0,0
1767813651,sdb1,0,0,0,0,0,0,0
1767813651,sr0,0,0,0,0,0,0,0
1767813656,loop0,0,0,0,0,0,0,0
1767813656,loop1,0,0,0,0,0,0,0
1767813656,loop2,0,0,0,0,0,0,0
1767813656,loop3,0,0,0,0,0,0,0
1767813656,sda,1,0,0.8,0.2,0,17.599999999999998,3.2
1767813656,sda1,1,0,0.8,0.2,0,17.599999999999998,3.2
1767813656,sda14,0,0,0,0,0,0,0
1767813656,sda15,0,0,0,0,0,0,0
1767813656,sdb,0,0,0,0,0,0,0
1767813656,sdb1,0,0,0,0,0,0,0
1767813656,sr0,0,0,0,0,0,0,0
1767813661,loop0,0,0,0,0,0,0,0
1767813661,loop1,0,0,0,0,0,0,0
1767813661,loop2,0,0,0,0,0,0,0
1767813661,loop3,0,0,0,0,0,0,0
1767813661,sda,1.2,0,1.2,0,0,28.799999999999997,0
1767813661,sda1,1.2,0,1.2,0,0,28.799999999999997,0
1767813661,sda14,0,0,0,0,0,0,0
1767813661,sda15,0,0,0,0,0,0,0
1767813661,sdb,0,0,0,0,0,0,0
1767813661,sdb1,0,0,0,0,0,0,0
1767813661,sr0,0,0,0,0,0,0,0
1767813666,loop0,0,0,0,0,0,0,0
1767813666,loop1,0,0,0,0,0,0,0
1767813666,loop2,0,0,0,0,0,0,0
1767813666,loop3,0,0,0,0,0,0,0
1767813666,sda,0.4,0,0.4,0,0,3.2,0
1767813666,sda1,0.4,0,0.4,0,0,3.2,0
1767813666,sda14,0,0,0,0,0,0,0
1767813666,sda15,0,0,0,0,0,0,0
1767813666,sdb,0,0,0,0,0,0,0
1767813666,sdb1,0,0,0,0,0,0,0
1767813666,sr0,0,0,0,0,0,0,0
