#timestamp,kbmemfree,kbavail,kbmemused,%memused,kbbuffers,kbcached,kbcommit,%commit,kbactive,kbinact,kbdirty
1767813021,114004,468392,199500,22.957739347378787,42468,429276,481284,55.3844241807712,93216,473700,80
1767813026,113500,467896,199944,23.008833263520327,42468,429292,486592,55.99524964671549,96172,473708,328
1767813031,121564,476184,191656,22.055080162211677,42476,429500,481284,55.3844241807712,93660,473720,500
1767813036,121564,476188,191660,22.055540467762498,42476,429504,481284,55.3844241807712,93672,473724,496
1767813041,121564,476196,191652,22.05461985666085,42480,429508,481284,55.3844241807712,93696,473732,496
1767813046,120836,475472,192344,22.134252716953515,42480,429512,489076,56.28109939377759,97476,473736,412
1767813051,116548,471200,196548,22.61803385087021,42492,429524,495536,57.02449285835938,101232,473752,56
1767813056,124360,479032,188720,21.71721588790639,42496,429540,489352,56.312860476784486,97824,473772,332
1767813061,124360,479040,188716,21.716755582355567,42500,429544,489352,56.312860476784486,97828,473780,136
1767813066,124360,479048,188708,21.71583497125392,42504,429548,489352,56.312860476784486,97840,473788,48
1767813071,124360,479052,188704,21.715374665703095,42504,429552,489352,56.312860476784486,97844,473792,56
1767813076,124360,479056,188700,21.714914360152267,42508,429552,489352,56.312860476784486,97848,473796,4
1767813081,131948,486652,181104,20.840794119136284,42508,429560,489352,56.312860476784486,97872,473804,168
1767813086,131948,486664,181092,20.839413202483808,42512,429568,489352,56.312860476784486,97876,473816,168
1767813091,131948,486676,181080,20.838032285831336,42520,429572,489352,56.312860476784486,97880,473828,176
1767813096,131948,486684,181072,20.837111674729687,42524,429576,489352,56.312860476784486,97888,473836,168
1767813101,131948,486688,181064,20.836191063628036,42528,429580,489352,56.312860476784486,97888,473840,176
1767813106,131948,486696,181060,20.83573075807721,42528,429584,489352,56.312860476784486,97900,473848,168
1767813111,131476,486232,181524,20.889126201972868,42532,429588,493248,56.76119808328769,99796,473856,32
1767813116,131476,486236,181520,20.888665896422047,42532,429592,489352,56.312860476784486,97912,473860,168
1767813121,131476,486240,181516,20.88820559087122,42532,429596,489352,56.312860476784486,97912,473864,184
1767813126,131476,486248,181508,20.88728497976957,42532,429604,489352,56.312860476784486,97924,473872,176
1767813131,131476,486252,181504,20.886824674218747,42532,429608,489352,56.312860476784486,97924,473876,184
1767813136,131476,486256,181500,20.886364368667923,42536,429608,489352,56.312860476784486,97928,473880,176
1767813141,99156,453944,213796,24.60287138602604,42536,429628,522792,60.161014881678454,126084,473888,292
1767813146,99156,453952,213772,24.600109552721097,42540,429628,498756,57.39503882677322,103028,473896,164
1767813151,99156,453960,213764,24.599188941619445,42544,429632,499332,57.461322826091966,103468,473904,184
1767813156,106968,462012,205712,23.672593867809454,42548,429868,499332,57.461322826091966,103716,473916,236
1767813161,106968,462024,205708,23.672133562258626,42552,429876,499332,57.461322826091966,103740,473928,244
1767813166,106968,462028,205704,23.671673256707805,42556,429876,499332,57.461322826091966,103768,473932,232
1767813171,106968,462036,205692,23.67029234005533,42556,429884,499332,57.461322826091966,103780,473940,240
1767813176,106720,461796,205932,23.697910673104808,42560,429888,501280,57.68549162934355,105400,473948,8
1767813181,106496,461576,206156,23.723687783950986,42560,429892,499332,57.461322826091966,103824,473952,168
1767813186,114560,469644,198100,22.796632404590166,42560,429888,494024,56.85049736014767,100820,473956,336
1767813191,114312,469404,198344,22.824711043190472,42564,429892,494024,56.85049736014767,100824,473964,348
1767813196,114312,469412,198340,22.824250737639645,42568,429896,494024,56.85049736014767,100840,473972,340
1767813201,114088,469196,198556,22.849107237384175,42568,429904,494024,56.85049736014767,100868,473980,348
1767813206,114088,469208,198544,22.847726320731702,42576,429908,494024,56.85049736014767,100880,473992,340
1767813211,121648,476780,190972,21.976367913020663,42584,429912,494024,56.85049736014767,100880,474004,152
1767813216,121648,476792,190960,21.97498699636819,42592,429916,494024,56.85049736014767,100884,474016,168
1767813221,121648,476796,190956,21.974526690817363,42592,429920,494024,56.85049736014767,100884,474020,176
1767813226,121648,476800,190952,21.97406638526654,42592,429924,494024,56.85049736014767,100884,474024,168
1767813231,121648,476812,190940,21.972685468614067,42600,429928,494024,56.85049736014767,100896,474036,176
1767813236,121648,476824,190928,21.971304551961595,42604,429936,494024,56.85049736014767,100904,474048,168
1767813241,121176,476360,191392,22.02469999585725,42608,429940,497920,57.29883496665086,102764,474056,44
1767813246,121176,476368,191384,22.023779384755603,42612,429944,494024,56.85049736014767,100916,474064,144
1767813251,121176,476380,191372,22.022398468103127,42620,429948,494024,56.85049736014767,100916,474076,168
1767813256,121176,476384,191368,22.021938162552303,42620,429952,494024,56.85049736014767,100924,474080,160
1767813261,121176,476392,191360,22.021017551450655,42624,429956,494024,56.85049736014767,100936,474088,172
1767813266,121176,476396,191356,22.020557245899827,42624,429960,494024,56.85049736014767,100952,474092,164
1767813271,121176,476436,191316,22.015954190391582,42624,430000,494344,56.88732180421364,101172,474100,176
1767813276,128988,484256,183496,21.116056838529413,42628,430004,494344,56.88732180421364,101192,474108,172
1767813281,128988,484260,183492,21.115596532978593,42632,430004,494344,56.88732180421364,101204,474112,144
1767813286,124892,480172,187580,21.58602880592137,42632,430012,494344,56.88732180421364,101212,474120,140
1767813291,124420,479732,188020,21.63666241651208,42636,430040,494344,56.88732180421364,101240,474152,204
1767813296,124420,479736,188016,21.636202110961257,42636,430044,494344,56.88732180421364,101236,474156,224
1767813301,124420,479720,188032,21.638043333164557,42640,430024,494344,56.88732180421364,101284,474140,276
1767813306,130720,486040,181712,20.910760562861626,42648,430036,494344,56.88732180421364,101256,474160,408
1767813311,130720,486044,181704,20.909839951759977,42652,430040,494344,56.88732180421364,101264,474164,412
1767813316,130720,486052,181696,20.90891934065833,42656,430044,494600,56.91678135946642,101272,474172,372
1767813321,130720,486060,181692,20.908459035107505,42656,430048,494600,56.91678135946642,101284,474180,380
1767813326,130720,486072,181680,20.90707811845503,42664,430052,494600,56.91678135946642,101284,474192,40
1767813331,130720,486080,181672,20.90615750735338,42668,430056,494600,56.91678135946642,101284,474200,56
1767813336,128984,484356,183396,21.1045491997588,42676,430060,498496,57.36511896596961,103148,474212,40
1767813341,128228,483604,184148,21.19108664331383,42676,430064,494600,56.91678135946642,101296,474216,200
1767813346,128228,483612,184140,21.190166032212183,42676,430072,494600,56.91678135946642,101304,474224,188
1767813351,128228,483620,184132,21.189245421110535,42680,430076,496548,57.140950162718006,102912,474232,156
1767813356,128228,483640,184112,21.18694389335641,42696,430080,498496,57.36511896596961,103172,474252,36
1767813361,128228,483648,184104,21.18602328225476,42700,430084,498496,57.36511896596961,103180,474260,36
1767813366,128228,483656,184100,21.185562976703938,42704,430088,498496,57.36511896596961,103188,474268,32
1767813371,126716,482148,185600,21.358177558263176,42704,430092,498496,57.36511896596961,103192,474272,180
1767813376,126716,482152,185592,21.357256947161527,42712,430096,498496,57.36511896596961,103192,474276,168
1767813381,126716,482168,185588,21.3567966416107,42712,430104,498496,57.36511896596961,103196,474292,180
1767813386,126716,482176,185580,21.35587603050905,42716,430108,498496,57.36511896596961,103200,474300,168
1767813391,126716,482188,185568,21.35449511385658,42724,430112,498496,57.36511896596961,103300,474312,176
1767813396,126716,482192,185564,21.35403480830575,42732,430108,498496,57.36511896596961,103300,474316,132
1767813401,126464,481952,185796,21.38073253025358,42732,430120,498496,57.36511896596961,103312,474328,172
1767813406,126464,481960,185796,21.38073253025358,42736,430124,498496,57.36511896596961,103312,474336,176
1767813411,126464,481968,185788,21.379811919151933,42740,430128,498496,57.36511896596961,103312,474344,184
1767813416,126464,481976,185780,21.378891308050285,42740,430136,498496,57.36511896596961,103312,474352,40
1767813421,126464,481980,185768,21.37751039139781,42744,430140,498496,57.36511896596961,103312,474356,192
1767813426,126464,481992,185752,21.37566916919451,42744,430148,498496,57.36511896596961,103312,474368,280
1767813431,126464,481996,185756,21.376129474745337,42744,430152,500316,57.57455799159482,104720,474372,240
1767813436,127276,482812,184940,21.28222714237711,42744,430156,498496,57.36511896596961,103320,474376,312
1767813441,127276,482820,184932,21.281306531275458,42748,430160,498496,57.36511896596961,103320,474384,320
1767813446,127276,482828,184924,21.28038592017381,42752,430164,498496,57.36511896596961,103320,474392,312
1767813451,127276,482836,184916,21.27946530907216,42756,430168,498496,57.36511896596961,103320,474400,320
1767813456,127276,482844,184908,21.278544697970514,42760,430172,498496,57.36511896596961,103320,474408,44
1767813461,127276,482852,184900,21.27762408686886,42760,430180,498496,57.36511896596961,103328,474416,48
1767813466,126552,482132,185612,21.359558474915648,42760,430184,498496,57.36511896596961,103336,474420,144
1767813471,129868,485456,182296,20.977965173282023,42764,430188,494600,56.91678135946642,101476,474428,176
1767813476,129868,485464,182288,20.977044562180374,42768,430192,494600,56.91678135946642,101476,474436,24
1767813481,129868,485472,182280,20.976123951078726,42772,430196,494600,56.91678135946642,101480,474444,32
1767813486,129868,485476,182276,20.975663645527902,42780,430192,494600,56.91678135946642,101484,474448,24
1767813491,129616,485244,182508,21.00236136747573,42780,430208,494600,56.91678135946642,101484,474464,36
1767813496,128388,484024,183728,21.142754560477243,42784,430212,498496,57.36511896596961,103320,474472,24
1767813501,127632,483276,184476,21.22883169848145,42788,430216,494600,56.91678135946642,101492,474480,168
1767813506,127632,483284,184468,21.227911087379802,42792,430220,494600,56.91678135946642,101500,474488,140
1767813511,127632,483288,184464,21.227450781828978,42792,430224,494600,56.91678135946642,101500,474492,156
1767813516,127632,483288,184460,21.226990476278154,42800,430220,494600,56.91678135946642,101568,474492,164
1767813521,127632,483304,184448,21.22560955962568,42800,430232,494600,56.91678135946642,101572,474508,156
1767813526,127632,483316,184436,21.224228642973205,42804,430240,494600,56.91678135946642,101576,474520,168
1767813531,129404,485096,182656,21.01939267285624,42808,430244,494600,56.91678135946642,101576,474528,32
1767813536,129404,485100,182652,21.018932367305418,42808,430248,494600,56.91678135946642,101580,474532,48
1767813541,129404,485108,182644,21.01801175620377,42812,430252,494600,56.91678135946642,101580,474540,4
1767813546,129404,485108,182640,21.017551450652945,42812,430256,494600,56.91678135946642,101580,474540,12
1767813551,129404,485116,182636,21.017091145102118,42812,430260,494600,56.91678135946642,101584,474548,24
1767813556,129404,485120,182632,21.016630839551294,42812,430264,494600,56.91678135946642,101584,474552,36
1767813561,128680,484400,183352,21.09948583869973,42812,430268,498496,57.36511896596961,103420,474556,24
1767813566,129084,484816,182936,21.051614061413968,42812,430280,494600,56.91678135946642,101592,474568,232
1767813571,128608,484348,183404,21.10546981086045,42816,430284,498496,57.36511896596961,103472,474576,224
1767813576,126592,482336,185408,21.336082891823594,42816,430288,498496,57.36511896596961,103472,474580,272
1767813581,126592,482348,185404,21.335622586272766,42824,430292,498496,57.36511896596961,103476,474592,228
1767813586,126592,482356,185396,21.334701975171118,42828,430296,498496,57.36511896596961,103476,474600,260
1767813591,131248,487044,180708,20.795223869604644,42832,430324,494600,56.91678135946642,101588,474632,316
1767813596,129064,484876,182876,21.044709478151596,42840,430332,494600,56.91678135946642,101592,474648,236
1767813601,128816,484616,183132,21.074169033404374,42844,430316,494600,56.91678135946642,101648,474636,272
1767813606,128816,484624,183120,21.0727881167519,42848,430324,494600,56.91678135946642,101624,474644,316
1767813611,128816,484632,183116,21.072327811201074,42848,430328,494600,56.91678135946642,101628,474652,300
1767813616,128816,484640,183108,21.071407200099426,42852,430332,494600,56.91678135946642,101628,474660,16
1767813621,128816,484652,183096,21.070026283446953,42860,430336,494600,56.91678135946642,101632,474672,36
1767813626,128592,484440,183308,21.09442247764066,42864,430344,498496,57.36511896596961,103488,474684,140
1767813631,129172,485024,182724,21.02721786722026,42868,430344,494600,56.91678135946642,101632,474688,216
1767813636,129172,485036,182712,21.025836950567786,42868,430356,494600,56.91678135946642,101688,474700,24
1767813641,129172,485044,182704,21.024916339466138,42872,430360,494600,56.91678135946642,101692,474708,20
1767813646,129172,485052,182696,21.02399572836449,42876,430364,494600,56.91678135946642,101692,474716,44
1767813651,129172,485056,182784,21.03412245048263,42876,430360,486788,56.0178046187059,99472,474720,220
1767813656,129172,485060,182776,21.03320183938098,42880,430364,486788,56.0178046187059,99472,474724,232
1767813661,128924,484816,183024,21.06174078353211,42884,430360,486788,56.0178046187059,99472,474728,292
1767813666,128924,484824,183016,21.060820172430457,42884,430368,486788,56.0178046187059,99472,474736,304
