#timestamp,CPU,%usr,%nice,%system,%iowait,%steal,%idle
1767813021,-1,0.5010020040107737,0,0.3006012024050973,0.30060120240737553,0,98.8977955911836
1767813021,0,0.5010020040107737,0,0.3006012024050973,0.30060120240737553,0,98.8977955911836
1767813026,-1,1.0020040080124342,0,1.2024048096249458,0,0,97.79559118234894
1767813026,0,1.0020040080124342,0,1.2024048096249458,0,0,97.79559118234894
1767813031,-1,0.6000000000040018,0,0.39999999999963626,0.19999999999527063,0,98.60000000002401
1767813031,0,0.6000000000040018,0,0.39999999999963626,0.19999999999527063,0,98.60000000002401
1767813036,-1,0.20040080159884158,0,0.20040080160339818,0.20040080160795476,0,99.39879759517613
1767813036,0,0.20040080159884158,0,0.20040080160339818,0.20040080160795476,0,99.39879759517613
1767813041,-1,0.40080160320679636,0,0,0.20040080159884158,0,99.39879759519437
1767813041,0,0.40080160320679636,0,0,0.20040080159884158,0,99.39879759519437
1767813046,-1,0.8016032064040047,0,0.6012024047961686,0,0,98.59719438879527
1767813046,0,0.8016032064040047,0,0.6012024047961686,0,0,98.59719438879527
1767813051,-1,35.270541083048265,0,1.4028056112565144,0,0,63.32665330569066
1767813051,0,35.270541083048265,0,1.4028056112565144,0,0,63.32665330569066
1767813056,-1,99.59839357467044,0,0.40160642570394806,0,0,0
1767813056,0,99.59839357467044,0,0.40160642570394806,0,0,0
1767813061,-1,100,0,0,0,0,0
1767813061,0,100,0,0,0,0,0
1767813066,-1,99.79879275710101,0,0.2012072434617127,0,0,0
1767813066,0,99.79879275710101,0,0.2012072434617127,0,0,0
1767813071,-1,99.19839679376867,0,0.6012024048101946,0,0,0
1767813071,0,99.19839679376867,0,0.6012024048101946,0,0,0
1767813076,-1,99.7983870951869,0,0.2016129032224053,0,0,1.5952821286191465e-09
1767813076,0,99.7983870951869,0,0.2016129032224053,0,0,1.5952821286191465e-09
1767813081,-1,99.79959919858342,0,0.20040080160795476,0,0,0
1767813081,0,99.79959919858342,0,0.20040080160795476,0,0,0
1767813086,-1,99.79919678751786,0,0.20080321285197403,0,0,0
1767813086,0,99.79919678751786,0,0.20080321285197403,0,0,0
1767813091,-1,99.79879275710101,0,0.2012072434617127,0,0,0
1767813091,0,99.79879275710101,0,0.2012072434617127,0,0,0
1767813096,-1,99.79919678751786,0,0.20080321285197403,0,0,0
1767813096,0,99.79919678751786,0,0.20080321285197403,0,0,0
1767813101,-1,100,0,0,0,0,0
1767813101,0,100,0,0,0,0,0
1767813106,-1,99.79919678519403,0,0.20080321284727995,0,0,1.9541346318874275e-09
1767813106,0,99.79919678519403,0,0.20080321284727995,0,0,1.9541346318874275e-09
1767813111,-1,99.60000000000036,0,0.19999999999981813,0,0,1.8189894035458565e-11
1767813111,0,99.60000000000036,0,0.19999999999981813,0,0,1.8189894035458565e-11
1767813116,-1,99.79879275710101,0,0.2012072434617127,0,0,0
1767813116,0,99.79879275710101,0,0.2012072434617127,0,0,0
1767813121,-1,99.79959919858342,0,0.20040080160339818,0,0,0
1767813121,0,99.79959919858342,0,0.20040080160339818,0,0,0
1767813126,-1,100,0,0,0,0,0
1767813126,0,100,0,0,0,0,0
1767813131,-1,99.20000000000073,0,0.7999999999992725,0,0,0
1767813131,0,99.20000000000073,0,0.7999999999992725,0,0,0
1767813136,-1,99.99999999876647,0,0,0,0,1.2335306109889643e-09
1767813136,0,99.99999999876647,0,0,0,0,1.2335306109889643e-09
1767813141,-1,98.40319361259733,0,1.397205588818487,0,0,1.815294581319904e-10
1767813141,0,98.40319361259733,0,1.397205588818487,0,0,1.815294581319904e-10
1767813146,-1,98.99193548461153,0,1.0080645161356867,0,0,0
1767813146,0,98.99193548461153,0,1.0080645161356867,0,0,0
1767813151,-1,99.79919678752698,0,0.20080321285197403,0,0,0
1767813151,0,99.79919678752698,0,0.20080321285197403,0,0,0
1767813156,-1,99.79716024236308,0,0.20283975659461215,0,0,1.0331007160857553e-09
1767813156,0,99.79716024236308,0,0.20283975659461215,0,0,1.0331007160857553e-09
1767813161,-1,99.79919678752698,0,0.20080321285197403,0,0,0
1767813161,0,99.79919678752698,0,0.20080321285197403,0,0,0
1767813166,-1,99.59839357467044,0,0.20080321285197403,0,0,0
1767813166,0,99.59839357467044,0,0.20080321285197403,0,0,0
1767813171,-1,99.79919678751786,0,0.20080321285197403,0,0,0
1767813171,0,99.79919678751786,0,0.20080321285197403,0,0,0
1767813176,-1,99.7971602423723,0,0.2028397565900001,0,0,1.0331007160857553e-09
1767813176,0,99.7971602423723,0,0.2028397565900001,0,0,1.0331007160857553e-09
1767813181,-1,99.79879275710101,0,0.2012072434617127,0,0,0
1767813181,0,99.79879275710101,0,0.2012072434617127,0,0,0
1767813186,-1,99.59677419429752,0,0.40322580645427464,0,0,0
1767813186,0,99.59677419429752,0,0.40322580645427464,0,0,0
1767813191,-1,99.39879759537662,0,0.40080160320679636,0,0,0
1767813191,0,99.39879759537662,0,0.40080160320679636,0,0,0
1767813196,-1,99.79838709517773,0,0.2016129032224053,0,0,1.6136141312017571e-09
1767813196,0,99.79838709517773,0,0.2016129032224053,0,0,1.6136141312017571e-09
1767813201,-1,100,0,0,0,0,0
1767813201,0,100,0,0,0,0,0
1767813206,-1,99.79838709752926,0,0.20161290322713732,0,0,0
1767813206,0,99.79838709752926,0,0.20161290322713732,0,0,0
1767813211,-1,99.39879759536751,0,0.40080160320679636,0,0,0
1767813211,0,99.39879759536751,0,0.40080160320679636,0,0,0
1767813216,-1,99.99999999859442,0,0,0,0,1.3963870060251793e-09
1767813216,0,99.99999999859442,0,0,0,0,1.3963870060251793e-09
1767813221,-1,99.79959919858342,0,0.20040080160339818,0,0,0
1767813221,0,99.79959919858342,0,0.20040080160339818,0,0,0
1767813226,-1,99.79879275710101,0,0.2012072434617127,0,0,0
1767813226,0,99.79879275710101,0,0.2012072434617127,0,0,0
1767813231,-1,100,0,0,0,0,0
1767813231,0,100,0,0,0,0,0
1767813236,-1,99.59919839697547,0,0.20040080160339818,0,0,0
1767813236,0,99.59919839697547,0,0.20040080160339818,0,0,0
1767813241,-1,99.79879275710101,0,0.2012072434617127,0,0,0
1767813241,0,99.79879275710101,0,0.2012072434617127,0,0,0
1767813246,-1,99.79797979657266,0,0.2020202020171676,0,0,1.3963870060251793e-09
1767813246,0,99.79797979657266,0,0.2020202020171676,0,0,1.3963870060251793e-09
1767813251,-1,99.39879759537662,0,0.6012024048101946,0,0,0
1767813251,0,99.39879759537662,0,0.6012024048101946,0,0,0
1767813256,-1,99.79797979891973,0,0.20202020202191875,0,0,0
1767813256,0,99.79797979891973,0,0.20202020202191875,0,0,0
1767813261,-1,99.79879275476335,0,0.2012072434569997,0,0,1.775063651621167e-09
1767813261,0,99.79879275476335,0,0.2012072434569997,0,0,1.775063651621167e-09
1767813266,-1,100,0,0,0,0,0
1767813266,0,100,0,0,0,0,0
1767813271,-1,99.59839357466132,0,0.20080321285197403,0,0,0
1767813271,0,99.59839357466132,0,0.20080321285197403,0,0,0
1767813276,-1,99.59758551364386,0,0.40241448692800036,0,0,0
1767813276,0,99.59758551364386,0,0.40241448692800036,0,0,0
1767813281,-1,99.59839357467044,0,0.40160642570394806,0,0,0
1767813281,0,99.59839357467044,0,0.40160642570394806,0,0,0
1767813286,-1,99.79879275476335,0,0.2012072434569997,0,0,1.775063651621167e-09
1767813286,0,99.79879275476335,0,0.2012072434569997,0,0,1.775063651621167e-09
1767813291,-1,99.79879275710101,0,0.2012072434617127,0,0,0
1767813291,0,99.79879275710101,0,0.2012072434617127,0,0,0
1767813296,-1,99.79919678751786,0,0.20080321285197403,0,0,0
1767813296,0,99.79919678751786,0,0.20080321285197403,0,0,0
1767813301,-1,99.59677419429752,0,0.40322580645427464,0,0,0
1767813301,0,99.59677419429752,0,0.40322580645427464,0,0,0
1767813306,-1,99.79838709517773,0,0.2016129032224053,0,0,1.6136141312017571e-09
1767813306,0,99.79838709517773,0,0.2016129032224053,0,0,1.6136141312017571e-09
1767813311,-1,99.1967871489665,0,0.6024096385559221,0,0,0
1767813311,0,99.1967871489665,0,0.6024096385559221,0,0,0
1767813316,-1,100,0,0,0,0,0
1767813316,0,100,0,0,0,0,0
1767813321,-1,99.79959919858342,0,0.20040080160339818,0,0,0
1767813321,0,99.79959919858342,0,0.20040080160339818,0,0,0
1767813326,-1,99.79879275476335,0,0.2012072434569997,0,0,1.775063651621167e-09
1767813326,0,99.79879275476335,0,0.2012072434569997,0,0,1.775063651621167e-09
1767813331,-1,99.79838709752008,0,0.20161290322713732,0,0,0
1767813331,0,99.79838709752008,0,0.20161290322713732,0,0,0
1767813336,-1,99.59677419429752,0,0.20161290322713732,0,0,0
1767813336,0,99.59677419429752,0,0.20161290322713732,0,0,0
1767813341,-1,99.79919678751786,0,0.20080321285197403,0,0,0
1767813341,0,99.79919678751786,0,0.20080321285197403,0,0,0
1767813346,-1,99.79959919625513,0,0.20040080159872287,0,0,2.150713385162817e-09
1767813346,0,99.79959919625513,0,0.20040080159872287,0,0,2.150713385162817e-09
1767813351,-1,99.79879275710101,0,0.2012072434617127,0,0,0
1767813351,0,99.79879275710101,0,0.2012072434617127,0,0,0
1767813356,-1,99.79879275710101,0,0.2012072434617127,0,0,0
1767813356,0,99.79879275710101,0,0.2012072434617127,0,0,0
1767813361,-1,99.79879275710101,0,0.2012072434617127,0,0,0
1767813361,0,99.79879275710101,0,0.2012072434617127,0,0,0
1767813366,-1,99.59919839697547,0,0.20040080160339818,0,0,0
1767813366,0,99.59919839697547,0,0.20040080160339818,0,0,0
1767813371,-1,99.1935483855151,0,0.8064516128942054,0,0,1.576950126036536e-09
1767813371,0,99.1935483855151,0,0.8064516128942054,0,0,1.576950126036536e-09
1767813376,-1,100,0,0,0,0,0
1767813376,0,100,0,0,0,0,0
1767813381,-1,99.79797979891973,0,0.20202020202191875,0,0,0
1767813381,0,99.79797979891973,0,0.20202020202191875,0,0,0
1767813386,-1,99.79838709517773,0,0.2016129032224053,0,0,1.6136141312017571e-09
1767813386,0,99.79838709517773,0,0.2016129032224053,0,0,1.6136141312017571e-09
1767813391,-1,99.79797979891973,0,0.20202020202191875,0,0,0
1767813391,0,99.79797979891973,0,0.20202020202191875,0,0,0
1767813396,-1,99.79919678752698,0,0.20080321285197403,0,0,0
1767813396,0,99.79919678752698,0,0.20080321285197403,0,0,0
1767813401,-1,99.59677419429752,0,0.40322580645427464,0,0,0
1767813401,0,99.59677419429752,0,0.40322580645427464,0,0,0
1767813406,-1,99.59839357234218,0,0.20080321284727995,0,0,1.9541346318874275e-09
1767813406,0,99.59839357234218,0,0.20080321284727995,0,0,1.9541346318874275e-09
1767813411,-1,99.79959919857431,0,0.20040080160339818,0,0,0
1767813411,0,99.79959919857431,0,0.20040080160339818,0,0,0
1767813416,-1,100,0,0,0,0,0
1767813416,0,100,0,0,0,0,0
1767813421,-1,99.59839357467044,0,0.40160642570394806,0,0,0
1767813421,0,99.59839357467044,0,0.40160642570394806,0,0,0
1767813426,-1,99.79959919857431,0,0.20040080160339818,0,0,0
1767813426,0,99.79959919857431,0,0.20040080160339818,0,0,0
1767813431,-1,99.19191919284938,0,0.6060606060657563,0,0,0
1767813431,0,99.19191919284938,0,0.6060606060657563,0,0,0
1767813436,-1,99.79797979658184,0,0.2020202020171676,0,0,1.3963870060251793e-09
1767813436,0,99.79797979658184,0,0.2020202020171676,0,0,1.3963870060251793e-09
1767813441,-1,99.79879275710101,0,0.2012072434617127,0,0,0
1767813441,0,99.79879275710101,0,0.2012072434617127,0,0,0
1767813446,-1,99.79959919857431,0,0.20040080160339818,0,0,0
1767813446,0,99.79959919857431,0,0.20040080160339818,0,0,0
1767813451,-1,99.79879275710101,0,0,0,0,0
1767813451,0,99.79879275710101,0,0,0,0,0
1767813456,-1,99.79959919859253,0,0.20040080160339818,0,0,0
1767813456,0,99.79959919859253,0,0.20040080160339818,0,0,0
1767813461,-1,99.7971602423723,0,0.2028397565900001,0,0,1.0331007160857553e-09
1767813461,0,99.7971602423723,0,0.2028397565900001,0,0,1.0331007160857553e-09
1767813466,-1,99.79838709752008,0,0.20161290322713732,0,0,0
1767813466,0,99.79838709752008,0,0.20161290322713732,0,0,0
1767813471,-1,99.79959919857431,0,0.20040080160339818,0,0,0
1767813471,0,99.79959919857431,0,0.20040080160339818,0,0,0
1767813476,-1,99.79919678519403,0,0.20080321284727995,0,0,1.9541346318874275e-09
1767813476,0,99.79919678519403,0,0.20080321284727995,0,0,1.9541346318874275e-09
1767813481,-1,99.79879275710101,0,0.2012072434617127,0,0,0
1767813481,0,99.79879275710101,0,0.2012072434617127,0,0,0
1767813486,-1,99.59999999999127,0,0.20000000000436557,0,0,1.8189894035458565e-11
1767813486,0,99.59999999999127,0,0.20000000000436557,0,0,1.8189894035458565e-11
1767813491,-1,99.59758551365302,0,0.4024144869234254,0,0,0
1767813491,0,99.59758551365302,0,0.4024144869234254,0,0,0
1767813496,-1,99.79879275710101,0,0.2012072434617127,0,0,0
1767813496,0,99.79879275710101,0,0.2012072434617127,0,0,0
1767813501,-1,99.79838709517773,0,0.2016129032224053,0,0,1.5952821286191465e-09
1767813501,0,99.79838709517773,0,0.2016129032224053,0,0,1.5952821286191465e-09
1767813506,-1,99.79959919857431,0,0.20040080160339818,0,0,0
1767813506,0,99.79959919857431,0,0.20040080160339818,0,0,0
1767813511,-1,99.79838709752008,0,0.20161290322713732,0,0,0
1767813511,0,99.79838709752008,0,0.20161290322713732,0,0,0
1767813516,-1,100,0,0,0,0,0
1767813516,0,100,0,0,0,0,0
1767813521,-1,99.79838709517773,0,0.2016129032224053,0,0,1.5952821286191465e-09
1767813521,0,99.79838709517773,0,0.2016129032224053,0,0,1.5952821286191465e-09
1767813526,-1,99.79919678752698,0,0,0,0,0
1767813526,0,99.79919678752698,0,0,0,0,0
1767813531,-1,99.79879275710101,0,0.2012072434617127,0,0,0
1767813531,0,99.79879275710101,0,0.2012072434617127,0,0,0
1767813536,-1,99.79879275710101,0,0.2012072434617127,0,0,0
1767813536,0,99.79879275710101,0,0.2012072434617127,0,0,0
1767813541,-1,99.79919678752698,0,0.20080321285197403,0,0,0
1767813541,0,99.79919678752698,0,0.20080321285197403,0,0,0
1767813546,-1,99.79879275476335,0,0.2012072434569997,0,0,1.775063651621167e-09
1767813546,0,99.79879275476335,0,0.2012072434569997,0,0,1.775063651621167e-09
1767813551,-1,99.19517102670214,0,0.6036217303851381,0,0,0
1767813551,0,99.19517102670214,0,0.6036217303851381,0,0,0
1767813556,-1,99.79959919859253,0,0.20040080160339818,0,0,0
1767813556,0,99.79959919859253,0,0.20040080160339818,0,0,0
1767813561,-1,99.79879275710101,0,0.2012072434617127,0,0,0
1767813561,0,99.79879275710101,0,0.2012072434617127,0,0,0
1767813566,-1,99.59839357467044,0,0.40160642570394806,0,0,0
1767813566,0,99.59839357467044,0,0.40160642570394806,0,0,0
1767813571,-1,99.59677419195074,0,0.2016129032224053,0,0,1.6136141312017571e-09
1767813571,0,99.59677419195074,0,0.2016129032224053,0,0,1.6136141312017571e-09
1767813576,-1,99.79879275710101,0,0.2012072434617127,0,0,0
1767813576,0,99.79879275710101,0,0.2012072434617127,0,0,0
1767813581,-1,99.59758551363471,0,0.4024144869234254,0,0,0
1767813581,0,99.59758551363471,0,0.4024144869234254,0,0,0
1767813586,-1,99.79919678752698,0,0.20080321285197403,0,0,0
1767813586,0,99.79919678752698,0,0.20080321285197403,0,0,0
1767813591,-1,99.59919839698458,0,0.20040080160339818,0,0,0
1767813591,0,99.59919839698458,0,0.20040080160339818,0,0,0
1767813596,-1,99.79757084898537,0,0.20242914979950885,0,0,1.2151133432780625e-09
1767813596,0,99.79757084898537,0,0.20242914979950885,0,0,1.2151133432780625e-09
1767813601,-1,99.79959919857431,0,0.20040080160339818,0,0,0
1767813601,0,99.79959919857431,0,0.20040080160339818,0,0,0
1767813606,-1,99.79959919857431,0,0.20040080160339818,0,0,0
1767813606,0,99.79959919857431,0,0.20040080160339818,0,0,0
1767813611,-1,99.59677419430669,0,0.40322580645427464,0,0,0
1767813611,0,99.59677419430669,0,0.40322580645427464,0,0,0
1767813616,-1,99.79838709517773,0,0,0,0,1.5952821286191465e-09
1767813616,0,99.79838709517773,0,0,0,0,1.5952821286191465e-09
1767813621,-1,99.79919678752698,0,0.20080321285197403,0,0,0
1767813621,0,99.79919678752698,0,0.20080321285197403,0,0,0
1767813626,-1,99.59758551363471,0,0.4024144869234254,0,0,0
1767813626,0,99.59758551363471,0,0.4024144869234254,0,0,0
1767813631,-1,99.79797979891055,0,0.20202020202191875,0,0,0
1767813631,0,99.79797979891055,0,0.20202020202191875,0,0,0
1767813636,-1,99.79959919626424,0,0.20040080159872287,0,0,2.1324808585632127e-09
1767813636,0,99.79959919626424,0,0.20040080159872287,0,0,2.1324808585632127e-09
1767813641,-1,99.79919678752698,0,0.20080321285197403,0,0,0
1767813641,0,99.79919678752698,0,0.20080321285197403,0,0,0
1767813646,-1,99.79838709752008,0,0,0,0,0
1767813646,0,99.79838709752008,0,0,0,0,0
1767813651,-1,65.26104417542534,0,0.20080321284727995,0.2008032128518457,0,34.33734939888923
1767813651,0,65.26104417542534,0,0.20080321284727995,0.2008032128518457,0,34.33734939888923
1767813656,-1,0.40080160319768315,0,0.20040080160339818,0,0,99.39879759519437
1767813656,0,0.40080160319768315,0,0.20040080160339818,0,0,99.39879759519437
1767813661,-1,0.6000000000270665,0,0.4000000000089494,0.20000000000902218,0,98.79999999994587
1767813661,0,0.6000000000270665,0,0.4000000000089494,0.20000000000902218,0,98.79999999994587
1767813666,-1,0.20040080158505313,0,0.20040080159872287,0,0,99.59919839682989
1767813666,0,0.20040080158505313,0,0.20040080159872287,0,0,99.59919839682989
