#timestamp,mount,blocksize,blockstotal,blocksavail,use
1767800533,/,4096,9301568,5874753,37
1767800533,/var/oled,4096,2618880,2586210,1
1767800533,/boot,4096,259584,160217,38
1767800533,/boot/efi,2048,51091,48041,6
1767800538,/,4096,9301568,5874752,37
1767800538,/var/oled,4096,2618880,2586210,1
1767800538,/boot,4096,259584,160217,38
1767800538,/boot/efi,2048,51091,48041,6
1767800543,/,4096,9301568,5874751,37
1767800543,/var/oled,4096,2618880,2586210,1
1767800543,/boot,4096,259584,160217,38
1767800543,/boot/efi,2048,51091,48041,6
1767800548,/,4096,9301568,5874750,37
1767800548,/var/oled,4096,2618880,2586210,1
1767800548,/boot,4096,259584,160217,38
1767800548,/boot/efi,2048,51091,48041,6
1767800553,/,4096,9301568,5874759,37
1767800553,/var/oled,4096,2618880,2586210,1
1767800553,/boot,4096,259584,160217,38
1767800553,/boot/efi,2048,51091,48041,6
1767800558,/,4096,9301568,5874773,37
1767800558,/var/oled,4096,2618880,2586210,1
1767800558,/boot,4096,259584,160217,38
1767800558,/boot/efi,2048,51091,48041,6
1767800563,/,4096,9301568,5874767,37
1767800563,/var/oled,4096,2618880,2586210,1
1767800563,/boot,4096,259584,160217,38
1767800563,/boot/efi,2048,51091,48041,6
1767800568,/,4096,9301568,5874765,37
1767800568,/var/oled,4096,2618880,2586210,1
1767800568,/boot,4096,259584,160217,38
1767800568,/boot/efi,2048,51091,48041,6
1767800573,/,4096,9301568,5874764,37
1767800573,/var/oled,4096,2618880,2586210,1
1767800573,/boot,4096,259584,160217,38
1767800573,/boot/efi,2048,51091,48041,6
1767800578,/,4096,9301568,5874763,37
1767800578,/var/oled,4096,2618880,2586210,1
1767800578,/boot,4096,259584,160217,38
1767800578,/boot/efi,2048,51091,48041,6
1767800583,/,4096,9301568,5874762,37
1767800583,/var/oled,4096,2618880,2586210,1
1767800583,/boot,4096,259584,160217,38
1767800583,/boot/efi,2048,51091,48041,6
1767800588,/,4096,9301568,5874761,37
1767800588,/var/oled,4096,2618880,2586210,1
1767800588,/boot,4096,259584,160217,38
1767800588,/boot/efi,2048,51091,48041,6
1767800593,/,4096,9301568,5874765,37
1767800593,/var/oled,4096,2618880,2586210,1
1767800593,/boot,4096,259584,160217,38
1767800593,/boot/efi,2048,51091,48041,6
1767800598,/,4096,9301568,5874728,37
1767800598,/var/oled,4096,2618880,2586210,1
1767800598,/boot,4096,259584,160217,38
1767800598,/boot/efi,2048,51091,48041,6
1767800603,/,4096,9301568,5874728,37
1767800603,/var/oled,4096,2618880,2586210,1
1767800603,/boot,4096,259584,160217,38
1767800603,/boot/efi,2048,51091,48041,6
1767800608,/,4096,9301568,5874728,37
1767800608,/var/oled,4096,2618880,2586210,1
1767800608,/boot,4096,259584,160217,38
1767800608,/boot/efi,2048,51091,48041,6
1767800613,/,4096,9301568,5874728,37
1767800613,/var/oled,4096,2618880,2586210,1
1767800613,/boot,4096,259584,160217,38
1767800613,/boot/efi,2048,51091,48041,6
1767800618,/,4096,9301568,5874728,37
1767800618,/var/oled,4096,2618880,2586210,1
1767800618,/boot,4096,259584,160217,38
1767800618,/boot/efi,2048,51091,48041,6
1767800623,/,4096,9301568,5874728,37
1767800623,/var/oled,4096,2618880,2586210,1
1767800623,/boot,4096,259584,160217,38
1767800623,/boot/efi,2048,51091,48041,6
1767800628,/,4096,9301568,5874733,37
1767800628,/var/oled,4096,2618880,2586210,1
1767800628,/boot,4096,259584,160217,38
1767800628,/boot/efi,2048,51091,48041,6
1767800633,/,4096,9301568,5874727,37
1767800633,/var/oled,4096,2618880,2586210,1
1767800633,/boot,4096,259584,160217,38
1767800633,/boot/efi,2048,51091,48041,6
1767800638,/,4096,9301568,5874727,37
1767800638,/var/oled,4096,2618880,2586210,1
1767800638,/boot,4096,259584,160217,38
1767800638,/boot/efi,2048,51091,48041,6
1767800643,/,4096,9301568,5874727,37
1767800643,/var/oled,4096,2618880,2586210,1
1767800643,/boot,4096,259584,160217,38
1767800643,/boot/efi,2048,51091,48041,6
1767800648,/,4096,9301568,5874727,37
1767800648,/var/oled,4096,2618880,2586210,1
1767800648,/boot,4096,259584,160217,38
1767800648,/boot/efi,2048,51091,48041,6
1767800653,/,4096,9301568,5874727,37
1767800653,/var/oled,4096,2618880,2586210,1
1767800653,/boot,4096,259584,160217,38
1767800653,/boot/efi,2048,51091,48041,6
1767800658,/,4096,9301568,5874727,37
1767800658,/var/oled,4096,2618880,2586210,1
1767800658,/boot,4096,259584,160217,38
1767800658,/boot/efi,2048,51091,48041,6
1767800663,/,4096,9301568,5874721,37
1767800663,/var/oled,4096,2618880,2586210,1
1767800663,/boot,4096,259584,160217,38
1767800663,/boot/efi,2048,51091,48041,6
1767800668,/,4096,9301568,5874721,37
1767800668,/var/oled,4096,2618880,2586210,1
1767800668,/boot,4096,259584,160217,38
1767800668,/boot/efi,2048,51091,48041,6
1767800673,/,4096,9301568,5874721,37
1767800673,/var/oled,4096,2618880,2586210,1
1767800673,/boot,4096,259584,160217,38
1767800673,/boot/efi,2048,51091,48041,6
1767800678,/,4096,9301568,5874721,37
1767800678,/var/oled,4096,2618880,2586210,1
1767800678,/boot,4096,259584,160217,38
1767800678,/boot/efi,2048,51091,48041,6
1767800683,/,4096,9301568,5874721,37
1767800683,/var/oled,4096,2618880,2586210,1
1767800683,/boot,4096,259584,160217,38
1767800683,/boot/efi,2048,51091,48041,6
1767800688,/,4096,9301568,5874721,37
1767800688,/var/oled,4096,2618880,2586210,1
1767800688,/boot,4096,259584,160217,38
1767800688,/boot/efi,2048,51091,48041,6
1767800693,/,4096,9301568,5874726,37
1767800693,/var/oled,4096,2618880,2586210,1
1767800693,/boot,4096,259584,160217,38
1767800693,/boot/efi,2048,51091,48041,6
1767800698,/,4096,9301568,5874726,37
1767800698,/var/oled,4096,2618880,2586210,1
1767800698,/boot,4096,259584,160217,38
1767800698,/boot/efi,2048,51091,48041,6
1767800703,/,4096,9301568,5874731,37
1767800703,/var/oled,4096,2618880,2586210,1
1767800703,/boot,4096,259584,160217,38
1767800703,/boot/efi,2048,51091,48041,6
1767800708,/,4096,9301568,5874731,37
1767800708,/var/oled,4096,2618880,2586210,1
1767800708,/boot,4096,259584,160217,38
1767800708,/boot/efi,2048,51091,48041,6
1767800713,/,4096,9301568,5874731,37
1767800713,/var/oled,4096,2618880,2586210,1
1767800713,/boot,4096,259584,160217,38
1767800713,/boot/efi,2048,51091,48041,6
1767800718,/,4096,9301568,5874731,37
1767800718,/var/oled,4096,2618880,2586210,1
1767800718,/boot,4096,259584,160217,38
1767800718,/boot/efi,2048,51091,48041,6
1767800723,/,4096,9301568,5874731,37
1767800723,/var/oled,4096,2618880,2586210,1
1767800723,/boot,4096,259584,160217,38
1767800723,/boot/efi,2048,51091,48041,6
1767800728,/,4096,9301568,5874731,37
1767800728,/var/oled,4096,2618880,2586210,1
1767800728,/boot,4096,259584,160217,38
1767800728,/boot/efi,2048,51091,48041,6
1767800733,/,4096,9301568,5874731,37
1767800733,/var/oled,4096,2618880,2586210,1
1767800733,/boot,4096,259584,160217,38
1767800733,/boot/efi,2048,51091,48041,6
1767800738,/,4096,9301568,5874731,37
1767800738,/var/oled,4096,2618880,2582093,1
1767800738,/boot,4096,259584,160217,38
1767800738,/boot/efi,2048,51091,48041,6
1767800743,/,4096,9301568,5874662,37
1767800743,/var/oled,4096,2618880,2582093,1
1767800743,/boot,4096,259584,160217,38
1767800743,/boot/efi,2048,51091,48041,6
1767800748,/,4096,9301568,5874662,37
1767800748,/var/oled,4096,2618880,2582093,1
1767800748,/boot,4096,259584,160217,38
1767800748,/boot/efi,2048,51091,48041,6
1767800753,/,4096,9301568,5874662,37
1767800753,/var/oled,4096,2618880,2582093,1
1767800753,/boot,4096,259584,160217,38
1767800753,/boot/efi,2048,51091,48041,6
1767800758,/,4096,9301568,5874662,37
1767800758,/var/oled,4096,2618880,2582114,1
1767800758,/boot,4096,259584,160217,38
1767800758,/boot/efi,2048,51091,48041,6
1767800763,/,4096,9301568,5874662,37
1767800763,/var/oled,4096,2618880,2582114,1
1767800763,/boot,4096,259584,160217,38
1767800763,/boot/efi,2048,51091,48041,6
1767800768,/,4096,9301568,5874667,37
1767800768,/var/oled,4096,2618880,2582114,1
1767800768,/boot,4096,259584,160217,38
1767800768,/boot/efi,2048,51091,48041,6
1767800773,/,4096,9301568,5874667,37
1767800773,/var/oled,4096,2618880,2582114,1
1767800773,/boot,4096,259584,160217,38
1767800773,/boot/efi,2048,51091,48041,6
1767800778,/,4096,9301568,5874667,37
1767800778,/var/oled,4096,2618880,2582114,1
1767800778,/boot,4096,259584,160217,38
1767800778,/boot/efi,2048,51091,48041,6
1767800783,/,4096,9301568,5874667,37
1767800783,/var/oled,4096,2618880,2582114,1
1767800783,/boot,4096,259584,160217,38
1767800783,/boot/efi,2048,51091,48041,6
1767800788,/,4096,9301568,5874667,37
1767800788,/var/oled,4096,2618880,2582114,1
1767800788,/boot,4096,259584,160217,38
1767800788,/boot/efi,2048,51091,48041,6
1767800793,/,4096,9301568,5874667,37
1767800793,/var/oled,4096,2618880,2582114,1
1767800793,/boot,4096,259584,160217,38
1767800793,/boot/efi,2048,51091,48041,6
1767800798,/,4096,9301568,5874667,37
1767800798,/var/oled,4096,2618880,2582114,1
1767800798,/boot,4096,259584,160217,38
1767800798,/boot/efi,2048,51091,48041,6
1767800803,/,4096,9301568,5874667,37
1767800803,/var/oled,4096,2618880,2582114,1
1767800803,/boot,4096,259584,160217,38
1767800803,/boot/efi,2048,51091,48041,6
1767800808,/,4096,9301568,5874667,37
1767800808,/var/oled,4096,2618880,2582114,1
1767800808,/boot,4096,259584,160217,38
1767800808,/boot/efi,2048,51091,48041,6
1767800813,/,4096,9301568,5874667,37
1767800813,/var/oled,4096,2618880,2582114,1
1767800813,/boot,4096,259584,160217,38
1767800813,/boot/efi,2048,51091,48041,6
1767800818,/,4096,9301568,5874667,37
1767800818,/var/oled,4096,2618880,2582114,1
1767800818,/boot,4096,259584,160217,38
1767800818,/boot/efi,2048,51091,48041,6
1767800823,/,4096,9301568,5874667,37
1767800823,/var/oled,4096,2618880,2582114,1
1767800823,/boot,4096,259584,160217,38
1767800823,/boot/efi,2048,51091,48041,6
1767800828,/,4096,9301568,5874667,37
1767800828,/var/oled,4096,2618880,2582114,1
1767800828,/boot,4096,259584,160217,38
1767800828,/boot/efi,2048,51091,48041,6
1767800833,/,4096,9301568,5874667,37
1767800833,/var/oled,4096,2618880,2582114,1
1767800833,/boot,4096,259584,160217,38
1767800833,/boot/efi,2048,51091,48041,6
1767800838,/,4096,9301568,5874667,37
1767800838,/var/oled,4096,2618880,2582114,1
1767800838,/boot,4096,259584,160217,38
1767800838,/boot/efi,2048,51091,48041,6
1767800843,/,4096,9301568,5874667,37
1767800843,/var/oled,4096,2618880,2582114,1
1767800843,/boot,4096,259584,160217,38
1767800843,/boot/efi,2048,51091,48041,6
1767800848,/,4096,9301568,5874667,37
1767800848,/var/oled,4096,2618880,2582114,1
1767800848,/boot,4096,259584,160217,38
1767800848,/boot/efi,2048,51091,48041,6
1767800853,/,4096,9301568,5874667,37
1767800853,/var/oled,4096,2618880,2582114,1
1767800853,/boot,4096,259584,160217,38
1767800853,/boot/efi,2048,51091,48041,6
1767800858,/,4096,9301568,5874696,37
1767800858,/var/oled,4096,2618880,2582114,1
1767800858,/boot,4096,259584,160217,38
1767800858,/boot/efi,2048,51091,48041,6
1767800863,/,4096,9301568,5874696,37
1767800863,/var/oled,4096,2618880,2582114,1
1767800863,/boot,4096,259584,160217,38
1767800863,/boot/efi,2048,51091,48041,6
1767800868,/,4096,9301568,5874696,37
1767800868,/var/oled,4096,2618880,2582114,1
1767800868,/boot,4096,259584,160217,38
1767800868,/boot/efi,2048,51091,48041,6
1767800873,/,4096,9301568,5874696,37
1767800873,/var/oled,4096,2618880,2582114,1
1767800873,/boot,4096,259584,160217,38
1767800873,/boot/efi,2048,51091,48041,6
1767800878,/,4096,9301568,5874696,37
1767800878,/var/oled,4096,2618880,2582114,1
1767800878,/boot,4096,259584,160217,38
1767800878,/boot/efi,2048,51091,48041,6
1767800883,/,4096,9301568,5874696,37
1767800883,/var/oled,4096,2618880,2582114,1
1767800883,/boot,4096,259584,160217,38
1767800883,/boot/efi,2048,51091,48041,6
1767800888,/,4096,9301568,5874696,37
1767800888,/var/oled,4096,2618880,2582114,1
1767800888,/boot,4096,259584,160217,38
1767800888,/boot/efi,2048,51091,48041,6
1767800893,/,4096,9301568,5874696,37
1767800893,/var/oled,4096,2618880,2582114,1
1767800893,/boot,4096,259584,160217,38
1767800893,/boot/efi,2048,51091,48041,6
1767800898,/,4096,9301568,5874696,37
1767800898,/var/oled,4096,2618880,2582114,1
1767800898,/boot,4096,259584,160217,38
1767800898,/boot/efi,2048,51091,48041,6
1767800903,/,4096,9301568,5874696,37
1767800903,/var/oled,4096,2618880,2582114,1
1767800903,/boot,4096,259584,160217,38
1767800903,/boot/efi,2048,51091,48041,6
1767800908,/,4096,9301568,5874696,37
1767800908,/var/oled,4096,2618880,2582114,1
1767800908,/boot,4096,259584,160217,38
1767800908,/boot/efi,2048,51091,48041,6
1767800913,/,4096,9301568,5874696,37
1767800913,/var/oled,4096,2618880,2582114,1
1767800913,/boot,4096,259584,160217,38
1767800913,/boot/efi,2048,51091,48041,6
1767800918,/,4096,9301568,5874696,37
1767800918,/var/oled,4096,2618880,2582114,1
1767800918,/boot,4096,259584,160217,38
1767800918,/boot/efi,2048,51091,48041,6
1767800923,/,4096,9301568,5874696,37
1767800923,/var/oled,4096,2618880,2582114,1
1767800923,/boot,4096,259584,160217,38
1767800923,/boot/efi,2048,51091,48041,6
1767800928,/,4096,9301568,5874696,37
1767800928,/var/oled,4096,2618880,2582114,1
1767800928,/boot,4096,259584,160217,38
1767800928,/boot/efi,2048,51091,48041,6
1767800933,/,4096,9301568,5874696,37
1767800933,/var/oled,4096,2618880,2582114,1
1767800933,/boot,4096,259584,160217,38
1767800933,/boot/efi,2048,51091,48041,6
1767800938,/,4096,9301568,5874696,37
1767800938,/var/oled,4096,2618880,2582114,1
1767800938,/boot,4096,259584,160217,38
1767800938,/boot/efi,2048,51091,48041,6
1767800943,/,4096,9301568,5874696,37
1767800943,/var/oled,4096,2618880,2582114,1
1767800943,/boot,4096,259584,160217,38
1767800943,/boot/efi,2048,51091,48041,6
1767800948,/,4096,9301568,5874696,37
1767800948,/var/oled,4096,2618880,2582114,1
1767800948,/boot,4096,259584,160217,38
1767800948,/boot/efi,2048,51091,48041,6
1767800953,/,4096,9301568,5874696,37
1767800953,/var/oled,4096,2618880,2582114,1
1767800953,/boot,4096,259584,160217,38
1767800953,/boot/efi,2048,51091,48041,6
1767800958,/,4096,9301568,5874696,37
1767800958,/var/oled,4096,2618880,2582114,1
1767800958,/boot,4096,259584,160217,38
1767800958,/boot/efi,2048,51091,48041,6
1767800963,/,4096,9301568,5874696,37
1767800963,/var/oled,4096,2618880,2582114,1
1767800963,/boot,4096,259584,160217,38
1767800963,/boot/efi,2048,51091,48041,6
1767800968,/,4096,9301568,5874696,37
1767800968,/var/oled,4096,2618880,2582114,1
1767800968,/boot,4096,259584,160217,38
1767800968,/boot/efi,2048,51091,48041,6
1767800973,/,4096,9301568,5874696,37
1767800973,/var/oled,4096,2618880,2582114,1
1767800973,/boot,4096,259584,160217,38
1767800973,/boot/efi,2048,51091,48041,6
1767800978,/,4096,9301568,5874696,37
1767800978,/var/oled,4096,2618880,2582114,1
1767800978,/boot,4096,259584,160217,38
1767800978,/boot/efi,2048,51091,48041,6
1767800983,/,4096,9301568,5874690,37
1767800983,/var/oled,4096,2618880,2582114,1
1767800983,/boot,4096,259584,160217,38
1767800983,/boot/efi,2048,51091,48041,6
1767800988,/,4096,9301568,5874690,37
1767800988,/var/oled,4096,2618880,2582061,1
1767800988,/boot,4096,259584,160217,38
1767800988,/boot/efi,2048,51091,48041,6
1767800993,/,4096,9301568,5874690,37
1767800993,/var/oled,4096,2618880,2582061,1
1767800993,/boot,4096,259584,160217,38
1767800993,/boot/efi,2048,51091,48041,6
1767800998,/,4096,9301568,5874690,37
1767800998,/var/oled,4096,2618880,2582061,1
1767800998,/boot,4096,259584,160217,38
1767800998,/boot/efi,2048,51091,48041,6
1767801003,/,4096,9301568,5874690,37
1767801003,/var/oled,4096,2618880,2582061,1
1767801003,/boot,4096,259584,160217,38
1767801003,/boot/efi,2048,51091,48041,6
1767801008,/,4096,9301568,5874690,37
1767801008,/var/oled,4096,2618880,2582061,1
1767801008,/boot,4096,259584,160217,38
1767801008,/boot/efi,2048,51091,48041,6
1767801013,/,4096,9301568,5874690,37
1767801013,/var/oled,4096,2618880,2582061,1
1767801013,/boot,4096,259584,160217,38
1767801013,/boot/efi,2048,51091,48041,6
1767801018,/,4096,9301568,5874695,37
1767801018,/var/oled,4096,2618880,2582066,1
1767801018,/boot,4096,259584,160217,38
1767801018,/boot/efi,2048,51091,48041,6
1767801023,/,4096,9301568,5874695,37
1767801023,/var/oled,4096,2618880,2582066,1
1767801023,/boot,4096,259584,160217,38
1767801023,/boot/efi,2048,51091,48041,6
1767801028,/,4096,9301568,5874562,37
1767801028,/var/oled,4096,2618880,2582066,1
1767801028,/boot,4096,259584,160217,38
1767801028,/boot/efi,2048,51091,48041,6
1767801033,/,4096,9301568,5874562,37
1767801033,/var/oled,4096,2618880,2582066,1
1767801033,/boot,4096,259584,160217,38
1767801033,/boot/efi,2048,51091,48041,6
1767801038,/,4096,9301568,5874562,37
1767801038,/var/oled,4096,2618880,2582066,1
1767801038,/boot,4096,259584,160217,38
1767801038,/boot/efi,2048,51091,48041,6
1767801043,/,4096,9301568,5874562,37
1767801043,/var/oled,4096,2618880,2582066,1
1767801043,/boot,4096,259584,160217,38
1767801043,/boot/efi,2048,51091,48041,6
1767801048,/,4096,9301568,5874567,37
1767801048,/var/oled,4096,2618880,2582066,1
1767801048,/boot,4096,259584,160217,38
1767801048,/boot/efi,2048,51091,48041,6
1767801053,/,4096,9301568,5874567,37
1767801053,/var/oled,4096,2618880,2582066,1
1767801053,/boot,4096,259584,160217,38
1767801053,/boot/efi,2048,51091,48041,6
1767801058,/,4096,9301568,5874567,37
1767801058,/var/oled,4096,2618880,2582066,1
1767801058,/boot,4096,259584,160217,38
1767801058,/boot/efi,2048,51091,48041,6
1767801063,/,4096,9301568,5874567,37
1767801063,/var/oled,4096,2618880,2582066,1
1767801063,/boot,4096,259584,160217,38
1767801063,/boot/efi,2048,51091,48041,6
1767801068,/,4096,9301568,5874567,37
1767801068,/var/oled,4096,2618880,2582066,1
1767801068,/boot,4096,259584,160217,38
1767801068,/boot/efi,2048,51091,48041,6
1767801073,/,4096,9301568,5874567,37
1767801073,/var/oled,4096,2618880,2582066,1
1767801073,/boot,4096,259584,160217,38
1767801073,/boot/efi,2048,51091,48041,6
1767801078,/,4096,9301568,5874567,37
1767801078,/var/oled,4096,2618880,2582066,1
1767801078,/boot,4096,259584,160217,38
1767801078,/boot/efi,2048,51091,48041,6
1767801083,/,4096,9301568,5874567,37
1767801083,/var/oled,4096,2618880,2582066,1
1767801083,/boot,4096,259584,160217,38
1767801083,/boot/efi,2048,51091,48041,6
1767801088,/,4096,9301568,5874567,37
1767801088,/var/oled,4096,2618880,2582066,1
1767801088,/boot,4096,259584,160217,38
1767801088,/boot/efi,2048,51091,48041,6
1767801093,/,4096,9301568,5874567,37
1767801093,/var/oled,4096,2618880,2582066,1
1767801093,/boot,4096,259584,160217,38
1767801093,/boot/efi,2048,51091,48041,6
1767801098,/,4096,9301568,5874567,37
1767801098,/var/oled,4096,2618880,2582066,1
1767801098,/boot,4096,259584,160217,38
1767801098,/boot/efi,2048,51091,48041,6
1767801103,/,4096,9301568,5874567,37
1767801103,/var/oled,4096,2618880,2582066,1
1767801103,/boot,4096,259584,160217,38
1767801103,/boot/efi,2048,51091,48041,6
1767801108,/,4096,9301568,5874533,37
1767801108,/var/oled,4096,2618880,2582066,1
1767801108,/boot,4096,259584,160217,38
1767801108,/boot/efi,2048,51091,48041,6
1767801113,/,4096,9301568,5874527,37
1767801113,/var/oled,4096,2618880,2582066,1
1767801113,/boot,4096,259584,160217,38
1767801113,/boot/efi,2048,51091,48041,6
1767801118,/,4096,9301568,5874527,37
1767801118,/var/oled,4096,2618880,2582066,1
1767801118,/boot,4096,259584,160217,38
1767801118,/boot/efi,2048,51091,48041,6
1767801123,/,4096,9301568,5874527,37
1767801123,/var/oled,4096,2618880,2582066,1
1767801123,/boot,4096,259584,160217,38
1767801123,/boot/efi,2048,51091,48041,6
1767801128,/,4096,9301568,5874527,37
1767801128,/var/oled,4096,2618880,2582066,1
1767801128,/boot,4096,259584,160217,38
1767801128,/boot/efi,2048,51091,48041,6
1767801133,/,4096,9301568,5874527,37
1767801133,/var/oled,4096,2618880,2582066,1
1767801133,/boot,4096,259584,160217,38
1767801133,/boot/efi,2048,51091,48041,6
1767801138,/,4096,9301568,5874527,37
1767801138,/var/oled,4096,2618880,2582066,1
1767801138,/boot,4096,259584,160217,38
1767801138,/boot/efi,2048,51091,48041,6
1767801143,/,4096,9301568,5874547,37
1767801143,/var/oled,4096,2618880,2582066,1
1767801143,/boot,4096,259584,160217,38
1767801143,/boot/efi,2048,51091,48041,6
1767801148,/,4096,9301568,5874547,37
1767801148,/var/oled,4096,2618880,2582066,1
1767801148,/boot,4096,259584,160217,38
1767801148,/boot/efi,2048,51091,48041,6
1767801153,/,4096,9301568,5874552,37
1767801153,/var/oled,4096,2618880,2582066,1
1767801153,/boot,4096,259584,160217,38
1767801153,/boot/efi,2048,51091,48041,6
1767801158,/,4096,9301568,5874552,37
1767801158,/var/oled,4096,2618880,2582066,1
1767801158,/boot,4096,259584,160217,38
1767801158,/boot/efi,2048,51091,48041,6
1767801163,/,4096,9301568,5874552,37
1767801163,/var/oled,4096,2618880,2582066,1
1767801163,/boot,4096,259584,160217,38
1767801163,/boot/efi,2048,51091,48041,6
1767801168,/,4096,9301568,5874552,37
1767801168,/var/oled,4096,2618880,2582066,1
1767801168,/boot,4096,259584,160217,38
1767801168,/boot/efi,2048,51091,48041,6
1767801173,/,4096,9301568,5874552,37
1767801173,/var/oled,4096,2618880,2582066,1
1767801173,/boot,4096,259584,160217,38
1767801173,/boot/efi,2048,51091,48041,6
1767801178,/,4096,9301568,5874552,37
1767801178,/var/oled,4096,2618880,2582066,1
1767801178,/boot,4096,259584,160217,38
1767801178,/boot/efi,2048,51091,48041,6
