#timestamp,CPU,%usr,%nice,%system,%iowait,%steal,%idle
1767916940,-1,97.99799799799113,0,1.40140140140131,0.10010010010000213,0.10010010010009326,0.4004004004074062
1767916940,0,98.39999999999989,0,1.1999999999999744,0.10000000000005116,0.09999999999999788,0.20000000000038654
1767916940,1,97.59759759759973,0,1.6016016016016026,0.10010010010015351,0.10010010010010238,0.6006006005989377
1767916945,-1,98.90109890109652,0,0.9990009990009204,0,0.09990009990010003,2.2737367544323206e-12
1767916945,0,98.79759519038522,0,1.2024048096193367,0,0,0
1767916945,1,99.39999999999998,0,0.6000000000000227,0,0,0
1767916950,-1,97.99799799800034,0,2.002002002002074,0,0,0
1767916950,0,99.3999999999997,0,0.5999999999998806,0,0,5.684341886080801e-13
1767916950,1,96.39999999999986,0,3.400000000000034,0,0.20000000000000018,0
1767916955,-1,99.6999999999997,0,0.30000000000001137,0,0,0
1767916955,0,99.60000000000036,0,0.40000000000006253,0,0,0
1767916955,1,99.60079840318944,0,0.3992015968062904,0,0,4.547473508864641e-12
1767916960,-1,99.70000000000027,0,0.19999999999996018,0,0.09999999999999788,0
1767916960,0,99.80000000000018,0,0.19999999999996018,0,0,0
1767916960,1,99.79959919840095,0,0.20040080160331772,0,0,0
1767916965,-1,99.6999999999997,0,0.30000000000001137,0,0,1.1368683772161603e-12
1767916965,0,99.5999999999998,0,0.20000000000010232,0,0.2000000000000046,0
1767916965,1,99.79959919838333,0,0.20040080160313878,0,0,1.3670842236024328e-11
1767916970,-1,99.80000000000018,0,0.20000000000010232,0,0,0
1767916970,0,99.80000000000018,0,0.19999999999996018,0,0,0
1767916970,1,99.60079840320697,0,0.3992015968063629,0,0,0
1767916975,-1,99.10000000000025,0,0.7999999999999831,0,0.1000000000000023,0
1767916975,0,98.39999999999975,0,1.5999999999999661,0,0,0
1767916975,1,100,0,0,0,0,0
1767916980,-1,99.79999999999961,0,0.19999999999996018,0,0,1.1368683772161603e-12
1767916980,0,99.80000000000018,0,0.19999999999996018,0,0,0
1767916980,1,99.79959919838333,0,0.20040080160328116,0,0,1.3670842236024328e-11
1767916985,-1,99.69969969968409,0,0.30030030030026356,0,0,1.4793499758525286e-11
1767916985,0,99.79999999999961,0,0,0,0.19999999999999576,1.1368683772161603e-12
1767916985,1,99.39999999999998,0,0.6000000000000227,0,0,0
1767916990,-1,99.70029970031526,0,0.19980019980019198,0,0.09990009990011375,0
1767916990,0,99.80000000000018,0,0.20000000000010232,0,0,0
1767916990,1,99.60079840320697,0,0.19960079840318146,0,0.1996007984032213,0
1767916995,-1,99.60000000000036,0,0.40000000000006253,0,0,0
1767916995,0,99.39999999999998,0,0.6000000000000227,0,0,0
1767916995,1,100,0,0,0,0,0
1767917000,-1,99.79979979978351,0,0.2002002002001283,0,0,1.708144736767281e-11
1767917000,0,99.39999999999998,0,0.5999999999998806,0,0,0
1767917000,1,100,0,0,0,0,0
1767917005,-1,98.80239520961275,0,0.8982035928146923,0,0.09980039920163099,0.0998003991697658
1767917005,0,98.79999999999995,0,1.2000000000000455,0,0,0
1767917005,1,99.39879759517677,0,0.6012024048095588,0,0,1.3670842236024328e-11
1767917010,-1,99.6999999999997,0,0.30000000000001137,0,0,0
1767917010,0,100,0,0,0,0,0
1767917010,1,99.40119760482254,0,0.39920159680643535,0,0,0.19960079837130706
1767917015,-1,99.60000000000036,0,0.39999999999992036,0,0,0
1767917015,0,99.80000000000018,0,0,0,0.2000000000000046,0
1767917015,1,99.19999999999959,0,0.7999999999999831,0,0,0
1767917020,-1,99.79999999999961,0,0.20000000000010232,0,0,0
1767917020,0,100,0,0,0,0,0
1767917020,1,99.60000000000036,0,0.40000000000006253,0,0,0
1767917025,-1,99.5004995004977,0,0.3996003996003114,0,0.09990009990009559,2.2737367544323206e-12
1767917025,0,99.79999999999961,0,0.19999999999996018,0,0,1.1368683772161603e-12
1767917025,1,99.39999999999941,0,0.6000000000000227,0,0,0
1767917030,-1,99.79979979980168,0,0.2002002002001647,0,0,0
1767917030,0,99.60159362548934,0,0.19920318725108063,0,0,9.066525308298878e-12
1767917030,1,99.60000000000036,0,0.39999999999992036,0,0,0
1767917035,-1,99.29929929928355,0,0.7007007007006624,0,0,1.5930368135741446e-11
1767917035,0,98.79759519038522,0,1.2024048096191942,0,0,0
1767917035,1,99.80000000000018,0,0.20000000000010232,0,0,0
1767917040,-1,99.80000000000018,0,0.19999999999996018,0,0,0
1767917040,0,99.80000000000018,0,0.20000000000010232,0,0,0
1767917040,1,99.80000000000018,0,0.19999999999996018,0,0,0
1767917045,-1,99.60039960041523,0,0.299700299700359,0,0.09990009990011818,0
1767917045,0,99.79999999999961,0,0,0,0.19999999999999576,0
1767917045,1,99.39999999999941,0,0.39999999999992036,0,0.20000000000000018,0
1767917050,-1,99.6999999999997,0,0.30000000000001137,0,0,0
1767917050,0,99.80000000000018,0,0.19999999999996018,0,0,0
1767917050,1,99.60000000000036,0,0.40000000000006253,0,0,0
1767917055,-1,99.60000000000036,0,0.40000000000006253,0,0,0
1767917055,0,100,0,0,0,0,0
1767917055,1,99.19999999999959,0,0.7999999999999831,0,0,0
1767917060,-1,99.70000000000027,0,0.19999999999996018,0,0.09999999999999788,0
1767917060,0,99.80000000000018,0,0.19999999999996018,0,0,0
1767917060,1,99.79959919838333,0,0.20040080160313878,0,0,1.3670842236024328e-11
1767917065,-1,99.19919919918298,0,0.8008008008006554,0,0,1.5930368135741446e-11
1767917065,0,98.6027944111733,0,1.3972055888223,0,0,4.547473508864641e-12
1767917065,1,99.40119760478645,0,0.3992015968064322,0,0.1996007984031851,3.410605131648481e-12
1767917070,-1,99.6003996004158,0,0.299700299700359,0,0.09990009990011818,0
1767917070,0,99.79959919840095,0,0.2004008016031753,0,0,0
1767917070,1,99.60000000001735,0,0.4000000000001353,0,0,0
1767917075,-1,99.79979979978408,0,0.2002002002001283,0,0,1.5930368135741446e-11
1767917075,0,100,0,0,0,0,0
1767917075,1,99.40119760478645,0,0.3992015968062904,0,0.1996007984031851,2.2595258997171186e-12
1767917080,-1,99.70029970031469,0,0.19980019980033398,0,0.09990009990011375,0
1767917080,0,99.80000000000018,0,0.20000000000010232,0,0,0
1767917080,1,99.99999999998633,0,0,0,0,1.3670842236024328e-11
1767917085,-1,99.80000000000018,0,0.19999999999996018,0,0,0
1767917085,0,99.80000000000018,0,0.19999999999996018,0,0,0
1767917085,1,99.60079840320753,0,0.39920159680650474,0,0,0
1767917090,-1,99.79979979978408,0,0.2002002002001283,0,0,1.5930368135741446e-11
1767917090,0,99.80000000000018,0,0.19999999999996018,0,0,0
1767917090,1,99.79959919840039,0,0.2004008016031753,0,0,0
1767917095,-1,99.10089910091455,0,0.899100899101077,0,0,0
1767917095,0,99.59999999999923,0,0.40000000000006253,0,0,0
1767917095,1,98.79759519036722,0,1.2024048096191176,0,0,1.3670842236024328e-11
1767917100,-1,99.69969969968409,0,0.2002002002001283,0,0.10010010010008193,1.4793499758525286e-11
1767917100,0,100,0,0,0,0,0
1767917100,1,99.20318725100572,0,0.5976095617529255,0,0.19920318725101496,0
1767917105,-1,99.50049950051577,0,0.49950049950055103,0,0,0
1767917105,0,99.60079840318944,0,0.1996007984031452,0,0.1996007984031895,4.547473508864641e-12
1767917105,1,99.39999999999941,0,0.6000000000000227,0,0,2.2737367544323206e-12
1767917110,-1,97.09709709709854,0,2.902902902903029,0,0,0
1767917110,0,94.39999999999941,0,5.600000000000023,0,0,1.1368683772161603e-12
1767917110,1,99.60000000000036,0,0.40000000000006253,0,0,0
1767917115,-1,99.30069930069769,0,0.5994005994006091,0,0.09990009990010003,1.1368683772161603e-12
1767917115,0,99.39879759519545,0,0.6012024048096684,0,0,0
1767917115,1,99.59919839678034,0,0.40080160320627756,0,0,1.1397105481592007e-11
1767917120,-1,99.70000000000027,0,0.30000000000001137,0,0,0
1767917120,0,99.60000000000036,0,0.39999999999992036,0,0,0
1767917120,1,99.80000000001719,0,0.2000000000001387,0,0,0
1767917125,-1,98.99999999999977,0,0.899999999999892,0,0,0
1767917125,0,99.59999999999923,0,0.40000000000006253,0,0,0
1767917125,1,98.40000000000032,0,1.5999999999999661,0,0,0
1767917130,-1,99.70000000000027,0,0.30000000000001137,0,0,0
1767917130,0,99.60079840318944,0,0.1996007984031452,0,0,4.547473508864641e-12
1767917130,1,99.80000000000018,0,0.19999999999996018,0,0,0
1767917135,-1,99.69999999999914,0,0.20000000000010232,0,0.09999999999999788,1.1368683772161603e-12
1767917135,0,99.60079840318944,0,0.1996007984031452,0,0.19960079840318068,4.547473508864641e-12
1767917135,1,99.39999999998247,0,0.39999999999998975,0,0.19999999999995938,1.5916157281026244e-11
1767917140,-1,99.70000000000027,0,0.30000000000001137,0,0,0
1767917140,0,99.79959919840152,0,0.20040080160331772,0,0,0
1767917140,1,99.80000000001719,0,0.19999999999999657,0,0,0
1767917145,-1,99.70000000000027,0,0.19999999999996018,0,0.1000000000000023,0
1767917145,0,99.79999999999905,0,0.19999999999996018,0,0,1.1368683772161603e-12
1767917145,1,99.60000000000036,0,0.40000000000006253,0,0,0
1767917150,-1,99.70000000000027,0,0.30000000000001137,0,0,0
1767917150,0,100,0,0,0,0,0
1767917150,1,99.40000000000055,0,0.39999999999992036,0,0.20000000000000018,0
1767917155,-1,97.99999999999955,0,2.0000000000000284,0,0,1.1368683772161603e-12
1767917155,0,98.60000000000014,0,1.4000000000000057,0,0,0
1767917155,1,97.39999999999895,0,2.600000000000051,0,0,0
1767917160,-1,99.69969969968409,0,0.30030030030012134,0,0,1.4793499758525286e-11
1767917160,0,99.80000000000018,0,0.19999999999996018,0,0,0
1767917160,1,99.40119760478645,0,0.5988023952095775,0,0,4.547473508864641e-12
1767917165,-1,97.50249750251301,0,2.397602397602872,0,0.09990009990011375,0
1767917165,0,98.79999999999995,0,1.2000000000000455,0,0,0
1767917165,1,96.59318637274959,0,3.4068136272545497,0,0,0
1767917170,-1,99.79979979980112,0,0.2002002002001647,0,0,0
1767917170,0,99.79959919840152,0,0.2004008016031753,0,0,0
1767917170,1,99.60000000000036,0,0.40000000000006253,0,0,0
1767917175,-1,99.7002997002977,0,0.29970029970030454,0,0,2.2737367544323206e-12
1767917175,0,100,0,0,0,0,0
1767917175,1,99.60000000000036,0,0.40000000000006253,0,0,0
1767917180,-1,99.70000000000027,0,0.19999999999996018,0,0.1000000000000023,0
1767917180,0,99.60079840318944,0,0.1996007984031452,0,0.1996007984031895,3.410605131648481e-12
1767917180,1,99.60079840318832,0,0.1996007984031452,0,0.1996007984031851,4.547473508864641e-12
1767917185,-1,99.19919919918298,0,0.8008008008006554,0,0,1.5930368135741446e-11
1767917185,0,99.80000000000018,0,0.20000000000010232,0,0,0
1767917185,1,98.39679358717916,0,1.6032064128256873,0,0,0
1767917190,-1,99.70000000000027,0,0.30000000000001137,0,0,0
1767917190,0,99.79999999999905,0,0.19999999999996018,0,0,1.1368683772161603e-12
1767917190,1,99.80000000000018,0,0.19999999999996018,0,0,0
1767917195,-1,99.70000000000027,0,0.20000000000010232,0,0.09999999999999788,0
1767917195,0,99.80000000000018,0,0.19999999999996018,0,0,0
1767917195,1,99.60000000000036,0,0.40000000000006253,0,0,0
1767917200,-1,99.80000000000018,0,0.19999999999996018,0,0,0
1767917200,0,99.80000000000018,0,0.20000000000010232,0,0,0
1767917200,1,99.60079840318832,0,0.1996007984031452,0,0.1996007984031851,4.547473508864641e-12
1767917205,-1,96.7999999999995,2.0000000000000018,1.0999999999999943,0,0.1000000000000023,0
1767917205,0,94.60000000000036,3.9999999999999947,1.4000000000000057,0,0,0
1767917205,1,99.19839679359242,0,0.8016032064128437,0,0,0
1767917210,-1,99.80000000000018,0,0.19999999999996018,0,0,0
1767917210,0,99.79959919840039,0,0.2004008016031753,0,0,0
1767917210,1,99.80039920159246,0,0.199600798403287,0,0,4.547473508864641e-12
1767917215,-1,99.19999999999959,0,0.7999999999999831,0,0,0
1767917215,0,99.60159362548934,0,0.19920318725093908,0,0.19920318725097447,9.066525308298878e-12
1767917215,1,98.59719438878105,0,1.4028056112225118,0,0,0
1767917220,-1,99.70029970031582,0,0.19980019980033398,0,0.09990009990011375,0
1767917220,0,100,0,0,0,0,0
1767917220,1,99.80000000000018,0,0.19999999999996018,0,0,0
1767917225,-1,99.30000000000064,0,0.6999999999999318,0,0,0
1767917225,0,99.40000000000055,0,0.6000000000000227,0,0,0
1767917225,1,99.00199600798044,0,0.7984031936127227,0,0.1996007984031851,2.2595258997171186e-12
1767917230,-1,99.79999999999905,0,0.19999999999996018,0,0,2.2737367544323206e-12
1767917230,0,99.80000000000018,0,0.19999999999996018,0,0,0
1767917230,1,99.59999999999923,0,0.40000000000006253,0,0,2.2737367544323206e-12
1767917235,-1,99.70000000000027,0,0.20000000000010232,0,0.1000000000000023,0
1767917235,0,99.79999999999905,0,0.19999999999996018,0,0,0
1767917235,1,99.79959919840152,0,0.2004008016031753,0,0,0
1767917240,-1,99.70000000000027,0,0.30000000000001137,0,0,0
1767917240,0,100,0,0,0,0,0
1767917240,1,99.60000000000036,0,0.39999999999992036,0,0,0
1767917245,-1,99.19999999999959,0,0.7999999999999831,0,0,0
1767917245,0,99.60079840318944,0,0.3992015968064322,0,0,4.547473508864641e-12
1767917245,1,98.40319361276917,0,1.3972055888223,0,0.1996007984031851,4.547473508864641e-12
1767917250,-1,99.60000000000036,0,0.39999999999992036,0,0,0
1767917250,0,99.60000000000036,0,0.40000000000006253,0,0,0
1767917250,1,99.60000000000036,0,0.40000000000006253,0,0,0
1767917255,-1,99.79979979978408,0,0.20020020020027054,0,0,1.5930368135741446e-11
1767917255,0,99.80000000000018,0,0.19999999999996018,0,0,0
1767917255,1,99.80000000000018,0,0.19999999999996018,0,0,0
1767917260,-1,99.70029970031582,0,0.19980019980019198,0,0.09990009990011375,0
1767917260,0,99.79959919840039,0,0.2004008016031753,0,0,0
1767917260,1,100,0,0,0,0,0
1767917265,-1,99.59999999999923,0,0.39999999999992036,0,0,0
1767917265,0,99.60079840318944,0,0.3992015968064322,0,0,4.547473508864641e-12
1767917265,1,99.59999999999923,0,0.40000000000006253,0,0,0
1767917270,-1,99.89989989988408,0,0.10010010010013527,0,0,1.5930368135741446e-11
1767917270,0,100,0,0,0,0,0
1767917270,1,99.80000000000018,0,0.19999999999996018,0,0,0
1767917275,-1,99.10089910091567,0,0.79920079920091,0,0.09990009990011818,0
1767917275,0,99.60079840318944,0,0.1996007984031452,0,0.1996007984031895,4.547473508864641e-12
1767917275,1,98.59999999998334,0,1.399999999999751,0,0,1.5916157281026244e-11
1767917280,-1,99.69999999999914,0,0.30000000000001137,0,0,0
1767917280,0,99.39999999999941,0,0.6000000000000227,0,0,0
1767917280,1,99.80000000000018,0,0.19999999999996018,0,0,0
1767917285,-1,97.20000000000027,0,2.8000000000000114,0,0,0
1767917285,0,95.59118236473442,0,4.408817635270712,0,0,0
1767917285,1,98.8023952095931,0,0.9980039920161908,0,0.1996007984032213,0
1767917290,-1,97.9020979020953,0,1.8981018981018338,0,0.09990009990009559,0
1767917290,0,98.6027944111733,0,1.197604790419155,0,0,4.547473508864641e-12
1767917290,1,97.20000000000027,0,2.8000000000000114,0,0,0
1767917295,-1,99.69969969970224,0,0.30030030030031823,0,0,0
1767917295,0,99.40119760478532,0,0.3992015968062904,0,0.19960079840318068,2.2595258997171186e-12
1767917295,1,99.80000000000018,0,0.19999999999996018,0,0,0
1767917300,-1,99.80000000000018,0,0.19999999999996018,0,0,0
1767917300,0,100,0,0,0,0,0
1767917300,1,99.79959919838333,0,0.20040080160313878,0,0,1.3670842236024328e-11
1767917305,-1,99.10089910089653,0,0.7992007992007647,0,0.09990009990010003,2.2737367544323206e-12
1767917305,0,99.80000000000018,0,0.20000000000010232,0,0,0
1767917305,1,98.599999999999,0,1.4000000000000057,0,0,0
1767917310,-1,99.79979979980226,0,0.20020020020030702,0,0,0
1767917310,0,99.80000000000018,0,0.19999999999996018,0,0,0
1767917310,1,99.60079840320753,0,0.39920159680650474,0,0,0
1767917315,-1,99.60000000000036,0,0.30000000000001137,0,0.09999999999999788,0
1767917315,0,99.40119760478645,0,0.3992015968062904,0,0.1996007984031895,4.547473508864641e-12
1767917315,1,99.79959919838333,0,0.20040080160313878,0,0,1.3670842236024328e-11
1767917320,-1,99.7002997002977,0,0.29970029970030454,0,0,2.2737367544323206e-12
1767917320,0,100,0,0,0,0,0
1767917320,1,99.4011976048045,0,0.3992015968063629,0,0.1996007984032213,0
1767917325,-1,99.79979979980226,0,0.2002002002001647,0,0,0
1767917325,0,99.79999999999905,0,0.20000000000010232,0,0,0
1767917325,1,99.60000000000036,0,0.40000000000006253,0,0,0
1767917330,-1,99.79979979978408,0,0.2002002002001283,0,0,1.5930368135741446e-11
1767917330,0,99.80000000000018,0,0.19999999999996018,0,0,0
1767917330,1,99.79959919838105,0,0.20040080160313878,0,0,1.3670842236024328e-11
1767917335,-1,99.20079920081342,0,0.79920079920091,0,0,0
1767917335,0,98.99999999999977,0,0.9999999999999432,0,0,0
1767917335,1,99.40000000000055,0,0.6000000000000227,0,0,0
1767917340,-1,99.70000000000027,0,0.20000000000010232,0,0.1000000000000023,0
1767917340,0,99.79959919840152,0,0.20040080160331772,0,0,0
1767917340,1,99.80000000000018,0,0.19999999999996018,0,0,0
1767917345,-1,99.60000000000036,0,0.39999999999992036,0,0,0
1767917345,0,99.60000000000036,0,0.39999999999992036,0,0,0
1767917345,1,99.60079840320753,0,0.19960079840332326,0,0.1996007984032213,0
1767917350,-1,99.80000000000018,0,0.19999999999996018,0,0,0
1767917350,0,99.60000000000036,0,0.40000000000006253,0,0,0
1767917350,1,99.80000000000018,0,0.19999999999996018,0,0,0
1767917355,-1,98.09999999999945,0,1.8000000000000682,0,0.09999999999999788,0
1767917355,0,98.599999999999,0,1.4000000000000057,0,0,0
1767917355,1,97.79559118235109,0,2.204408817634954,0,0,1.3670842236024328e-11
1767917360,-1,99.80000000000018,0,0.19999999999996018,0,0,0
1767917360,0,100,0,0,0,0,0
1767917360,1,99.80000000000018,0,0.19999999999996018,0,0,0
1767917365,-1,98.69869869868417,0,1.3013013013010473,0,0,1.5930368135741446e-11
1767917365,0,98.19999999999936,0,1.7999999999999259,0,0,2.2737367544323206e-12
1767917365,1,99.20000000000073,0,0.7999999999999831,0,0,0
1767917370,-1,99.59999999999809,0,0.40000000000006253,0,0,2.2737367544323206e-12
1767917370,0,99.60000000000036,0,0.40000000000006253,0,0,0
1767917370,1,99.60000000001621,0,0.4000000000001353,0,0,0
1767917375,-1,99.6003996004158,0,0.299700299700359,0,0.09990009990011818,0
1767917375,0,99.60079840318944,0,0.1996007984031452,0,0.19960079840318068,4.547473508864641e-12
1767917375,1,99.40119760478645,0,0.3992015968064322,0,0.1996007984031851,2.2595258997171186e-12
1767917380,-1,99.79979979978408,0,0.2002002002001283,0,0,1.5930368135741446e-11
1767917380,0,99.79999999998202,0,0.19999999999992385,0,0,1.5916157281026244e-11
1767917380,1,99.60000000000036,0,0.39999999999992036,0,0,0
1767917385,-1,99.60000000000036,0,0.40000000000006253,0,0,0
1767917385,0,100,0,0,0,0,0
1767917385,1,99.40000000000055,0,0.6000000000000227,0,0,0
1767917390,-1,99.80000000000018,0,0.19999999999996018,0,0,0
1767917390,0,99.80039920159246,0,0.199600798403287,0,0,4.547473508864641e-12
1767917390,1,99.79959919840152,0,0.2004008016031753,0,0,0
1767917395,-1,99.10089910091567,0,0.79920079920091,0,0.09990009990011375,0
1767917395,0,98.79759519038409,0,1.2024048096191942,0,0,0
1767917395,1,99.60000000000036,0,0.40000000000006253,0,0,0
1767917400,-1,99.79979979978181,0,0.2002002002001283,0,0,1.8204104890173767e-11
1767917400,0,99.80000000000018,0,0.20000000000010232,0,0,0
1767917400,1,99.80000000000018,0,0.19999999999996018,0,0,0
1767917405,-1,92.80719280720956,0,7.092907092908307,0,0.09990009990011818,0
1767917405,0,89.6207584830302,0,10.179640718562391,0,0.1996007984031895,4.547473508864641e-12
1767917405,1,95.79999999999927,0,4.000000000000057,0,0.20000000000000018,0
1767917410,-1,97.99999999999955,0,1.8999999999999775,0,0.09999999999999788,0
1767917410,0,99.60000000000036,0,0.39999999999992036,0,0,0
1767917410,1,96.59999999999854,0,3.399999999999892,0,0,2.2737367544323206e-12
1767917415,-1,99.70000000000027,0,0.30000000000001137,0,0,0
1767917415,0,99.60000000000036,0,0.20000000000010232,0,0.19999999999999576,0
1767917415,1,99.60000000000036,0,0.40000000000006253,0,0,0
1767917420,-1,99.79979979978408,0,0.2002002002001283,0,0,1.5930368135741446e-11
1767917420,0,99.80000000000018,0,0.19999999999996018,0,0,0
1767917420,1,99.60000000000036,0,0.40000000000006253,0,0,0
1767917425,-1,99.50049950051351,0,0.39960039960052596,0,0.09990009990011818,0
1767917425,0,99.60000000000036,0,0.40000000000006253,0,0,0
1767917425,1,99.60000000000036,0,0.39999999999992036,0,0,0
1767917430,-1,99.79979979978408,0,0.2002002002001283,0,0,1.5930368135741446e-11
1767917430,0,100,0,0,0,0,0
1767917430,1,99.80000000000018,0,0.19999999999996018,0,0,0
1767917435,-1,98.90109890111563,0,0.899100899101077,0,0.09990009990011375,0
1767917435,0,98.00399201596316,0,1.5968063872254454,0,0.1996007984031895,6.80699940858176e-12
1767917435,1,99.80000000000018,0,0.20000000000010232,0,0,0
1767917440,-1,99.80000000000018,0,0.19999999999996018,0,0,0
1767917440,0,99.8003992016287,0,0.19960079840321768,0,0,0
1767917440,1,99.60000000000036,0,0.39999999999992036,0,0,0
1767917445,-1,99.60000000000036,0,0.40000000000006253,0,0,0
1767917445,0,99.60000000000036,0,0.19999999999996018,0,0.19999999999999576,0
1767917445,1,99.60000000000036,0,0.40000000000006253,0,0,0
1767917450,-1,99.70029970027959,0,0.1998001998001194,0,0.09990009990008188,2.043520908046048e-11
1767917450,0,99.60000000000036,0,0.40000000000006253,0,0,0
1767917450,1,99.79999999999791,0,0.19999999999996018,0,0,2.2737367544323206e-12
1767917455,-1,99.69969969971812,0,0.3003003003003729,0,0,0
1767917455,0,100,0,0,0,0,0
1767917455,1,99.40000000000055,0,0.6000000000000227,0,0,0
1767917460,-1,99.80000000000018,0,0.19999999999996018,0,0,0
1767917460,0,100,0,0,0,0,0
1767917460,1,99.60000000000036,0,0.40000000000006253,0,0,0
1767917465,-1,99.10000000000082,0,0.9000000000000341,0,0,0
1767917465,0,98.599999999999,0,1.2000000000000455,0,0.19999999999999576,2.2737367544323206e-12
1767917465,1,99.60000000000036,0,0.39999999999992036,0,0,0
1767917470,-1,99.70000000000027,0,0.19999999999996018,0,0.09999999999999788,0
1767917470,0,99.80000000000018,0,0.19999999999996018,0,0,0
1767917470,1,99.60000000000036,0,0.40000000000006253,0,0,0
1767917475,-1,99.70000000000027,0,0.30000000000001137,0,0,0
1767917475,0,99.79959919836514,0,0.20040080160310228,0,0,3.19033688356285e-11
1767917475,1,99.60000000000036,0,0.39999999999992036,0,0,0
1767917480,-1,99.80000000000018,0,0.19999999999996018,0,0,0
1767917480,0,100,0,0,0,0,0
1767917480,1,99.79999999999791,0,0.19999999999996018,0,0,2.2737367544323206e-12
1767917485,-1,99.50049950047735,0,0.3996003996003808,0,0.09990009990007744,2.2708945834892802e-11
1767917485,0,99.40119760482254,0,0.39920159680657713,0,0.19960079840326198,0
1767917485,1,99.5991983967985,0,0.40080160320649305,0,0,0
1767917490,-1,99.70000000000027,0,0.30000000000001137,0,0,0
1767917490,0,99.59999999999809,0,0.39999999999992036,0,0,2.2737367544323206e-12
1767917490,1,99.60079840318944,0,0.3992015968064322,0,0,2.2595258997171186e-12
1767917495,-1,99.20000000000073,0,0.7999999999999831,0,0,0
1767917495,0,99.19839679355627,0,0.8016032064125515,0,0,3.19033688356285e-11
1767917495,1,99.40000000000055,0,0.5999999999998806,0,0,0
1767917500,-1,99.6996996997204,0,0.3003003003003729,0,0,0
1767917500,0,99.80000000000018,0,0.20000000000010232,0,0,0
1767917500,1,99.40000000000055,0,0.6000000000000227,0,0,0
1767917505,-1,99.60000000000036,0,0.30000000000001137,0,0.09999999999999788,0
1767917505,0,99.40119760482254,0,0.39920159680643535,0,0.19960079840325315,0
1767917505,1,99.80000000000018,0,0.20000000000010232,0,0,0
1767917510,-1,99.80000000000018,0,0.19999999999996018,0,0,0
1767917510,0,99.9999999999681,0,0,0,0,3.19033688356285e-11
1767917510,1,99.79959919839925,0,0.2004008016031753,0,0,0
1767917515,-1,99.70000000000027,0,0.30000000000001137,0,0,0
1767917515,0,99.20159680641947,0,0.7984031936130126,0,0,0
1767917515,1,100,0,0,0,0,0
1767917520,-1,99.699999999998,0,0.30000000000001137,0,0,2.2737367544323206e-12
1767917520,0,99.79959919836287,0,0.20040080160324464,0,0,3.417710559006082e-11
1767917520,1,99.80000000000018,0,0.19999999999996018,0,0,0
1767917525,-1,99.00000000000091,0,0.9999999999999432,0,0,0
1767917525,0,99.60000000000036,0,0.39999999999992036,0,0,0
1767917525,1,98.40319361277143,0,1.5968063872254454,0,0,2.2595258997171186e-12
1767917530,-1,98.09999999999945,0,1.8000000000000682,0,0.10000000000000675,0
1767917530,0,99.40000000000055,0,0.40000000000006253,0,0.2000000000000046,0
1767917530,1,96.80000000000064,0,3.2000000000000735,0,0,0
1767917535,-1,7.907907907906277,0,0.8008008008006554,0.10010010010027752,0,91.19119119119378
1767917535,0,9.218436873748628,0,0.8016032064128437,0,0,89.97995991983925
1767917535,1,6.399999999996399,0,0.799999999999692,0.20000000000002954,0.1999999999999274,92.40000000000286
1767917540,-1,0.20020020019998605,0,0.2002002002001283,0,0,99.59959959959775
1767917540,0,0.39999999999963626,0,0.39999999999992036,0,0,99.20000000000073
1767917540,1,0,0,0.2004008016031753,0,0,99.79959919839696
1767917545,-1,0.20020020020233495,0,0.3003003003003729,0,0,99.49949949949757
1767917545,0,0.20040080160303292,0,0.20040080160331772,0,0,99.59919839679165
1767917545,1,0.39920159680600675,0,0.199600798403287,0,0,99.401197604791
1767917550,-1,0.19999999999981813,0,0.20000000000010232,0,0,99.60000000000036
1767917550,0,0.19999999999981813,0,0.39999999999992036,0,0,99.40000000000055
1767917550,1,0,0,0.2004008016031753,0,0,99.79959919839696
1767917555,-1,0.2006018054160429,0,0.6018054162485562,0,0,99.19759277833583
1767917555,0,0.19999999999981813,0,0.40000000000006253,0,0,99.40000000000055
1767917555,1,0.40080160320606584,0,0.8016032064128437,0,0,98.7975951903818
1767917560,-1,0.19999999999981813,0,0.20000000000010232,0,0,99.60000000000036
1767917560,0,0,0,0,0.20040080160331772,0,99.79959919839696
1767917560,1,0.19999999999989085,0,0.4000000000000659,0,0,99.40000000000033
1767917565,-1,1.0010010010002948,0,0.20020020020020118,0,0,98.79879879879965
1767917565,0,1.6032064128265417,0,0.2004008016031753,0,0,98.19639278557042
1767917565,1,0.4000000000017644,0,0.20000000000002954,0,0,99.39999999999849
1767917570,-1,0.10020040080147992,0,0.20040080160310228,0,0,99.69939879759556
1767917570,0,0.19999999999981813,0,0.19999999999996018,0,0,99.60000000000036
1767917570,1,0.20040080160303292,0,0.2004008016031753,0,0,99.59919839679394
1767917575,-1,0.20040080160303292,0,0.2004008016031753,0,0,99.59919839679394
1767917575,0,0.19999999999981813,0,0.20000000000010232,0,0,99.60000000000036
1767917575,1,0.20040080160303292,0,0.2004008016031753,0,0,99.59919839679394
1767917580,-1,0.19999999999989085,0,0.2000000000001751,0,0,99.60000000000022
1767917580,0,0.19999999999981813,0,0.19999999999996018,0,0,99.60000000000036
1767917580,1,0,0,0.20040080160331772,0,0,99.79959919839469
1767917585,-1,0.30060120240671806,0,0.6012024048094491,0,0,99.09819639278213
1767917585,0,0.40080160320606584,0,0.6012024048096684,0,0,98.99799599198484
1767917585,1,0.20040080160303292,0,0.6012024048095259,0,0,99.19839679358788
1767917590,-1,0.20020020020005894,0,0.10010010010002947,0,0,99.6996996996999
1767917590,0,0.40080160320606584,0,0,0,0,99.59919839679394
1767917590,1,0.20040080160303292,0,0,0,0,99.79959919839696
1767917595,-1,0.10020040080151646,0,0.20040080160331772,0,0,99.69939879759545
1767917595,0,0,0,0.3999999999997749,0,0,99.59999999999823
1767917595,1,0,0,0.20040080160331772,0,0,99.79959919839696
1767917600,-1,0.30060120240454935,0,0.2004008016031753,0,0,99.49899799599241
1767917600,0,0.40080160320606584,0,0.20040080160331772,0,0,99.3987975951909
1767917600,1,0.3999999999994907,0,0.19999999999988746,0,0,99.40000000000076
1767917605,-1,0.20020020019998605,0,0.2002002002001283,0,0,99.59959959960003
1767917605,0,0.20040080160310594,0,0.20040080160324839,0,0,99.59919839679378
1767917605,1,0.20040080160303292,0,0.2004008016031753,0,0,99.59919839679394
1767917610,-1,0.20020020020005894,0,0.20020020020020118,0,0,99.59959959959988
1767917610,0,0.2000000000020191,0,0.19999999999988746,0,0,99.59999999999823
1767917610,1,0,0,0,0,0,100
1767917615,-1,0.3006012024044398,0,0.5010020040079692,0,0,99.19839679358816
1767917615,0,0.40080160320606584,0,0.2004008016031753,0,0,99.3987975951909
1767917615,1,0.39999999999963626,0,0.7999999999999831,0,0,98.80000000000109
1767917620,-1,0.19999999999981813,0,0.19999999999996018,0,0,99.60000000000036
1767917620,0,0.19960079840307585,0,0.39920159680657713,0,0,99.40119760479077
1767917620,1,0.19999999999981813,0,0.20000000000010232,0,0,99.59999999999809
1767917625,-1,0.20020020020005894,0,0.20020020020020118,0,0,99.59959959959988
1767917625,0,0.20040080160295984,0,0,0,0,99.79959919839705
1767917625,1,0.20040080160531124,0,0.2004008016031753,0,0,99.59919839679165
1767917630,-1,0.30030030029997906,0,0.2002002002001283,0,0,99.49949949950003
1767917630,0,0.20040080160303292,0,0.2004008016031753,0,0,99.59919839679394
1767917630,1,0.20040080160303292,0,0.40080160320649305,0,0,99.3987975951909
1767917635,-1,0.10030090270805804,0,0.10030090270820056,0,0,99.79939819458389
1767917635,0,0.39999999999963626,0,0.20000000000010232,0,0,99.40000000000055
1767917635,1,0,0,0,0,0,100
1767917640,-1,0.299999999999618,0,0.19999999999988746,0,0,99.49999999999837
1767917640,0,0,0,0.20080321285138328,0,0,99.79919678714876
1767917640,1,0.3999999999994907,0,0,0,0,99.6000000000005
1767917645,-1,0.40040040040239394,0,0.5005005005007164,0,0,99.09909909909746
1767917645,0,0.40080160320606584,0,0.4008016032063506,0,0,99.19839679358788
1767917645,1,0.3999999999997817,0,0.6000000000000989,0,0,99.00000000000054
