#timestamp,DEV,tps,rtps,wtps,dtps,bread/s,bwrtn/s,bdscd/s
1767800533,sda,13.100000000000001,13.100000000000001,0,0,2294.4,0,0
1767800533,sda1,0,0,0,0,0,0,0
1767800533,sda2,0,0,0,0,0,0,0
1767800533,sda3,13.100000000000001,13.100000000000001,0,0,2294.4,0,0
1767800533,dm-0,18.7,18.7,0,0,2294.4,0,0
1767800533,dm-1,0,0,0,0,0,0,0
1767800538,sda,0.2,0.2,0,0,6.4,0,0
1767800538,sda1,0,0,0,0,0,0,0
1767800538,sda2,0,0,0,0,0,0,0
1767800538,sda3,0.2,0.2,0,0,6.4,0,0
1767800538,dm-0,0.8,0.8,0,0,6.4,0,0
1767800538,dm-1,0,0,0,0,0,0,0
1767800543,sda,2.6,0.4,2.1999999999999997,0,9.6,54.2,0
1767800543,sda1,0,0,0,0,0,0,0
1767800543,sda2,0,0,0,0,0,0,0
1767800543,sda3,2.6,0.4,2.1999999999999997,0,9.6,54.2,0
1767800543,dm-0,3.4000000000000004,1.2,2.1999999999999997,0,9.6,52.6,0
1767800543,dm-1,0.2,0,0.2,0,0,1.6,0
1767800548,sda,0.6,0.4,0.2,0,9.6,0.8,0
1767800548,sda1,0,0,0,0,0,0,0
1767800548,sda2,0,0,0,0,0,0,0
1767800548,sda3,0.6,0.4,0.2,0,9.6,0.8,0
1767800548,dm-0,1.2,1.2,0,0,9.6,0,0
1767800548,dm-1,0.2,0,0.2,0,0,0.8,0
1767800553,sda,1.6,0.8,0.8,0,25.6,11.200000000000001,0
1767800553,sda1,0,0,0,0,0,0,0
1767800553,sda2,0,0,0,0,0,0,0
1767800553,sda3,1.6,0.8,0.8,0,25.6,11.200000000000001,0
1767800553,dm-0,4.6,3.2,1.4000000000000001,0,25.6,11.200000000000001,0
1767800553,dm-1,0,0,0,0,0,0,0
1767800558,sda,0.8,0.4,0.4,0,9.6,16,0
1767800558,sda1,0,0,0,0,0,0,0
1767800558,sda2,0,0,0,0,0,0,0
1767800558,sda3,0.8,0.4,0.4,0,9.6,16,0
1767800558,dm-0,1.7999999999999998,1.2,0.6,0,9.6,16,0
1767800558,dm-1,0,0,0,0,0,0,0
1767800563,sda,1,0.8,0.2,0,14.399999999999999,161.60000000000002,0
1767800563,sda1,0,0,0,0,0,0,0
1767800563,sda2,0,0,0,0,0,0,0
1767800563,sda3,1,0.8,0.2,0,14.399999999999999,161.60000000000002,0
1767800563,dm-0,1.7999999999999998,1.7999999999999998,0,0,14.399999999999999,0,0
1767800563,dm-1,0.4,0,0.4,0,0,161.60000000000002,0
1767800568,sda,0.2,0.2,0,0,12.8,0,0
1767800568,sda1,0,0,0,0,0,0,0
1767800568,sda2,0,0,0,0,0,0,0
1767800568,sda3,0.2,0.2,0,0,12.8,0,0
1767800568,dm-0,1.6,1.6,0,0,12.8,0,0
1767800568,dm-1,0,0,0,0,0,0,0
1767800573,sda,3.4000000000000004,0.2,3.2,0,12.8,70.19999999999999,0
1767800573,sda1,0,0,0,0,0,0,0
1767800573,sda2,0,0,0,0,0,0,0
1767800573,sda3,3.4000000000000004,0.2,3.2,0,12.8,70.19999999999999,0
1767800573,dm-0,4.8,1.6,3.2,0,12.8,67,0
1767800573,dm-1,0.4,0,0.4,0,0,3.2,0
1767800578,sda,1,0.8,0.2,0,24,0.8,0
1767800578,sda1,0,0,0,0,0,0,0
1767800578,sda2,0,0,0,0,0,0,0
1767800578,sda3,1,0.8,0.2,0,24,0.8,0
1767800578,dm-0,3,3,0,0,24,0,0
1767800578,dm-1,0.2,0,0.2,0,0,0.8,0
1767800583,sda,0,0,0,0,0,0,0
1767800583,sda1,0,0,0,0,0,0,0
1767800583,sda2,0,0,0,0,0,0,0
1767800583,sda3,0,0,0,0,0,0,0
1767800583,dm-0,0,0,0,0,0,0,0
1767800583,dm-1,0,0,0,0,0,0,0
1767800588,sda,0.4,0.4,0,0,11.200000000000001,0,0
1767800588,sda1,0,0,0,0,0,0,0
1767800588,sda2,0,0,0,0,0,0,0
1767800588,sda3,0.4,0.4,0,0,11.200000000000001,0,0
1767800588,dm-0,1.4000000000000001,1.4000000000000001,0,0,11.200000000000001,0,0
1767800588,dm-1,0,0,0,0,0,0,0
1767800593,sda,0.2,0,0.2,0,0,14.399999999999999,0
1767800593,sda1,0,0,0,0,0,0,0
1767800593,sda2,0,0,0,0,0,0,0
1767800593,sda3,0.2,0,0.2,0,0,14.399999999999999,0
1767800593,dm-0,0.4,0,0.4,0,0,14.399999999999999,0
1767800593,dm-1,0,0,0,0,0,0,0
1767800598,sda,0.8,0.6,0.2,0,17.599999999999998,1.6,0
1767800598,sda1,0,0,0,0,0,0,0
1767800598,sda2,0,0,0,0,0,0,0
1767800598,sda3,0.8,0.6,0.2,0,17.599999999999998,1.6,0
1767800598,dm-0,2.4,2.1999999999999997,0.2,0,17.599999999999998,1.6,0
1767800598,dm-1,0,0,0,0,0,0,0
1767800603,sda,2.1999999999999997,0.4,1.7999999999999998,0,12.8,278,0
1767800603,sda1,0,0,0,0,0,0,0
1767800603,sda2,0,0,0,0,0,0,0
1767800603,sda3,2.1999999999999997,0.4,1.7999999999999998,0,12.8,278,0
1767800603,dm-0,3.2,1.6,1.6,0,12.8,30,0
1767800603,dm-1,0.6,0,0.6,0,0,248,0
1767800608,sda,0.6,0.2,0.4,0,6.4,7.000000000000001,0
1767800608,sda1,0,0,0,0,0,0,0
1767800608,sda2,0,0,0,0,0,0,0
1767800608,sda3,0.6,0.2,0.4,0,6.4,7.000000000000001,0
1767800608,dm-0,0.8,0.8,0,0,6.4,0,0
1767800608,dm-1,0.4,0,0.4,0,0,7.000000000000001,0
1767800613,sda,0.6,0.6,0,0,22.400000000000002,0,0
1767800613,sda1,0,0,0,0,0,0,0
1767800613,sda2,0,0,0,0,0,0,0
1767800613,sda3,0.6,0.6,0,0,22.400000000000002,0,0
1767800613,dm-0,2.8000000000000003,2.8000000000000003,0,0,22.400000000000002,0,0
1767800613,dm-1,0,0,0,0,0,0,0
1767800618,sda,0.4,0.4,0,0,9.6,0,0
1767800618,sda1,0,0,0,0,0,0,0
1767800618,sda2,0,0,0,0,0,0,0
1767800618,sda3,0.4,0.4,0,0,9.6,0,0
1767800618,dm-0,1.2,1.2,0,0,9.6,0,0
1767800618,dm-1,0,0,0,0,0,0,0
1767800623,sda,0.2,0.2,0,0,12.8,0,0
1767800623,sda1,0,0,0,0,0,0,0
1767800623,sda2,0,0,0,0,0,0,0
1767800623,sda3,0.2,0.2,0,0,12.8,0,0
1767800623,dm-0,1.6,1.6,0,0,12.8,0,0
1767800623,dm-1,0,0,0,0,0,0,0
1767800628,sda,0.4,0.2,0.2,0,12.8,14.399999999999999,0
1767800628,sda1,0,0,0,0,0,0,0
1767800628,sda2,0,0,0,0,0,0,0
1767800628,sda3,0.4,0.2,0.2,0,12.8,14.399999999999999,0
1767800628,dm-0,2,1.6,0.4,0,12.8,14.399999999999999,0
1767800628,dm-1,0,0,0,0,0,0,0
1767800633,sda,0.6,0.4,0.2,0,11.200000000000001,1.2,0
1767800633,sda1,0,0,0,0,0,0,0
1767800633,sda2,0,0,0,0,0,0,0
1767800633,sda3,0.6,0.4,0.2,0,11.200000000000001,1.2,0
1767800633,dm-0,1.6,1.4000000000000001,0.2,0,11.200000000000001,1.2,0
1767800633,dm-1,0,0,0,0,0,0,0
1767800638,sda,0.4,0,0.4,0,0,162.4,0
1767800638,sda1,0,0,0,0,0,0,0
1767800638,sda2,0,0,0,0,0,0,0
1767800638,sda3,0.4,0,0.4,0,0,162.4,0
1767800638,dm-0,0,0,0,0,0,0,0
1767800638,dm-1,0.6,0,0.6,0,0,162.4,0
1767800643,sda,0.2,0.2,0,0,12.8,0,0
1767800643,sda1,0,0,0,0,0,0,0
1767800643,sda2,0,0,0,0,0,0,0
1767800643,sda3,0.2,0.2,0,0,12.8,0,0
1767800643,dm-0,1.6,1.6,0,0,12.8,0,0
1767800643,dm-1,0,0,0,0,0,0,0
1767800648,sda,0.2,0.2,0,0,12.8,0,0
1767800648,sda1,0,0,0,0,0,0,0
1767800648,sda2,0,0,0,0,0,0,0
1767800648,sda3,0.2,0.2,0,0,12.8,0,0
1767800648,dm-0,1.6,1.6,0,0,12.8,0,0
1767800648,dm-1,0,0,0,0,0,0,0
1767800653,sda,0.4,0.2,0.2,0,6.4,1.6,0
1767800653,sda1,0,0,0,0,0,0,0
1767800653,sda2,0,0,0,0,0,0,0
1767800653,sda3,0.4,0.2,0.2,0,6.4,1.6,0
1767800653,dm-0,1,0.8,0.2,0,6.4,1.6,0
1767800653,dm-1,0,0,0,0,0,0,0
1767800658,sda,0.2,0.2,0,0,6.4,0,0
1767800658,sda1,0,0,0,0,0,0,0
1767800658,sda2,0,0,0,0,0,0,0
1767800658,sda3,0.2,0.2,0,0,6.4,0,0
1767800658,dm-0,0.8,0.8,0,0,6.4,0,0
1767800658,dm-1,0,0,0,0,0,0,0
1767800663,sda,6.4,2.6,3.8,0,62.4,75,0
1767800663,sda1,0,0,0,0,0,0,0
1767800663,sda2,0,0,0,0,0,0,0
1767800663,sda3,6.4,2.6,3.8,0,62.4,75,0
1767800663,dm-0,11.799999999999999,7.8,4,0,62.4,68.60000000000001,0
1767800663,dm-1,0.6,0,0.6,0,0,6.4,0
1767800668,sda,0.4,0.2,0.2,0,6.4,0.8,0
1767800668,sda1,0,0,0,0,0,0,0
1767800668,sda2,0,0,0,0,0,0,0
1767800668,sda3,0.4,0.2,0.2,0,6.4,0.8,0
1767800668,dm-0,0.8,0.8,0,0,6.4,0,0
1767800668,dm-1,0.2,0,0.2,0,0,0.8,0
1767800673,sda,0.6,0.4,0.2,0,19.2,0.2,0
1767800673,sda1,0.2,0,0.2,0,0,0.2,0
1767800673,sda2,0,0,0,0,0,0,0
1767800673,sda3,0.4,0.4,0,0,19.2,0,0
1767800673,dm-0,2.4,2.4,0,0,19.2,0,0
1767800673,dm-1,0,0,0,0,0,0,0
1767800678,sda,0.4,0.2,0.2,0,6.4,1.6,0
1767800678,sda1,0,0,0,0,0,0,0
1767800678,sda2,0,0,0,0,0,0,0
1767800678,sda3,0.4,0.2,0.2,0,6.4,1.6,0
1767800678,dm-0,1,0.8,0.2,0,6.4,1.6,0
1767800678,dm-1,0,0,0,0,0,0,0
1767800683,sda,0.4,0.2,0.2,0,6.4,160,0
1767800683,sda1,0,0,0,0,0,0,0
1767800683,sda2,0,0,0,0,0,0,0
1767800683,sda3,0.4,0.2,0.2,0,6.4,160,0
1767800683,dm-0,0.8,0.8,0,0,6.4,0,0
1767800683,dm-1,0.4,0,0.4,0,0,160,0
1767800688,sda,0.2,0.2,0,0,12.8,0,0
1767800688,sda1,0,0,0,0,0,0,0
1767800688,sda2,0,0,0,0,0,0,0
1767800688,sda3,0.2,0.2,0,0,12.8,0,0
1767800688,dm-0,1.6,1.6,0,0,12.8,0,0
1767800688,dm-1,0,0,0,0,0,0,0
1767800693,sda,3.2,0.4,2.8000000000000003,0,8,140.2,0
1767800693,sda1,0,0,0,0,0,0,0
1767800693,sda2,0,0,0,0,0,0,0
1767800693,sda3,3.2,0.4,2.8000000000000003,0,8,140.2,0
1767800693,dm-0,3.5999999999999996,1,2.6,0,8,28.199999999999996,0
1767800693,dm-1,1,0,1,0,0,112.00000000000001,0
1767800698,sda,1,0.6,0.4,0,9.6,13.600000000000001,0
1767800698,sda1,0,0,0,0,0,0,0
1767800698,sda2,0,0,0,0,0,0,0
1767800698,sda3,1,0.6,0.4,0,9.6,13.600000000000001,0
1767800698,dm-0,1.6,1.2,0.4,0,9.6,12.8,0
1767800698,dm-1,0.2,0,0.2,0,0,0.8,0
1767800703,sda,0.4,0.2,0.2,0,6.4,1.6,0
1767800703,sda1,0,0,0,0,0,0,0
1767800703,sda2,0,0,0,0,0,0,0
1767800703,sda3,0.4,0.2,0.2,0,6.4,1.6,0
1767800703,dm-0,1,0.8,0.2,0,6.4,1.6,0
1767800703,dm-1,0,0,0,0,0,0,0
1767800708,sda,0.2,0,0.2,0,0,36.8,0
1767800708,sda1,0,0,0,0,0,0,0
1767800708,sda2,0,0,0,0,0,0,0
1767800708,sda3,0.2,0,0.2,0,0,36.8,0
1767800708,dm-0,0,0,0,0,0,0,0
1767800708,dm-1,0.4,0,0.4,0,0,36.8,0
1767800713,sda,0.6,0.4,0.2,0,8,1.6,0
1767800713,sda1,0,0,0,0,0,0,0
1767800713,sda2,0,0,0,0,0,0,0
1767800713,sda3,0.6,0.4,0.2,0,8,1.6,0
1767800713,dm-0,1.2,1,0.2,0,8,1.6,0
1767800713,dm-1,0,0,0,0,0,0,0
1767800718,sda,0.2,0.2,0,0,4.8,0,0
1767800718,sda1,0,0,0,0,0,0,0
1767800718,sda2,0,0,0,0,0,0,0
1767800718,sda3,0.2,0.2,0,0,4.8,0,0
1767800718,dm-0,0.6,0.6,0,0,4.8,0,0
1767800718,dm-1,0,0,0,0,0,0,0
1767800723,sda,2.8000000000000003,0,2.8000000000000003,0,0,155.6,0
1767800723,sda1,0,0,0,0,0,0,0
1767800723,sda2,0,0,0,0,0,0,0
1767800723,sda3,2.8000000000000003,0,2.8000000000000003,0,0,155.6,0
1767800723,dm-0,2.6,0,2.6,0,0,46.800000000000004,0
1767800723,dm-1,0.6,0,0.6,0,0,108.80000000000001,0
1767800728,sda,0.4,0,0.4,0,0,7.000000000000001,0
1767800728,sda1,0,0,0,0,0,0,0
1767800728,sda2,0,0,0,0,0,0,0
1767800728,sda3,0.4,0,0.4,0,0,7.000000000000001,0
1767800728,dm-0,0,0,0,0,0,0,0
1767800728,dm-1,0.4,0,0.4,0,0,7.000000000000001,0
1767800733,sda,0.2,0,0.2,0,0,14.399999999999999,0
1767800733,sda1,0,0,0,0,0,0,0
1767800733,sda2,0,0,0,0,0,0,0
1767800733,sda3,0.2,0,0.2,0,0,14.399999999999999,0
1767800733,dm-0,0.4,0,0.4,0,0,14.399999999999999,0
1767800733,dm-1,0,0,0,0,0,0,0
1767800738,sda,0,0,0,0,0,0,0
1767800738,sda1,0,0,0,0,0,0,0
1767800738,sda2,0,0,0,0,0,0,0
1767800738,sda3,0,0,0,0,0,0,0
1767800738,dm-0,0,0,0,0,0,0,0
1767800738,dm-1,0,0,0,0,0,0,0
1767800743,sda,0,0,0,0,0,0,0
1767800743,sda1,0,0,0,0,0,0,0
1767800743,sda2,0,0,0,0,0,0,0
1767800743,sda3,0,0,0,0,0,0,0
1767800743,dm-0,0,0,0,0,0,0,0
1767800743,dm-1,0,0,0,0,0,0,0
1767800748,sda,0,0,0,0,0,0,0
1767800748,sda1,0,0,0,0,0,0,0
1767800748,sda2,0,0,0,0,0,0,0
1767800748,sda3,0,0,0,0,0,0,0
1767800748,dm-0,0,0,0,0,0,0,0
1767800748,dm-1,0,0,0,0,0,0,0
1767800753,sda,0.8,0,0.8,0,0,10.4,0
1767800753,sda1,0,0,0,0,0,0,0
1767800753,sda2,0,0,0,0,0,0,0
1767800753,sda3,0.8,0,0.8,0,0,10.4,0
1767800753,dm-0,1,0,1,0,0,10.4,0
1767800753,dm-1,0,0,0,0,0,0,0
1767800758,sda,0.4,0,0.4,0,0,162.20000000000002,0
1767800758,sda1,0,0,0,0,0,0,0
1767800758,sda2,0,0,0,0,0,0,0
1767800758,sda3,0.4,0,0.4,0,0,162.20000000000002,0
1767800758,dm-0,0,0,0,0,0,0,0
1767800758,dm-1,0.6,0,0.6,0,0,162.20000000000002,0
1767800763,sda,0,0,0,0,0,0,0
1767800763,sda1,0,0,0,0,0,0,0
1767800763,sda2,0,0,0,0,0,0,0
1767800763,sda3,0,0,0,0,0,0,0
1767800763,dm-0,0,0,0,0,0,0,0
1767800763,dm-1,0,0,0,0,0,0,0
1767800768,sda,0.4,0,0.4,0,0,14.399999999999999,0
1767800768,sda1,0,0,0,0,0,0,0
1767800768,sda2,0,0,0,0,0,0,0
1767800768,sda3,0.4,0,0.4,0,0,14.399999999999999,0
1767800768,dm-0,0.6,0,0.6,0,0,14.399999999999999,0
1767800768,dm-1,0,0,0,0,0,0,0
1767800773,sda,0,0,0,0,0,0,0
1767800773,sda1,0,0,0,0,0,0,0
1767800773,sda2,0,0,0,0,0,0,0
1767800773,sda3,0,0,0,0,0,0,0
1767800773,dm-0,0,0,0,0,0,0,0
1767800773,dm-1,0,0,0,0,0,0,0
1767800778,sda,0.4,0,0.4,0,0,3.2,0
1767800778,sda1,0,0,0,0,0,0,0
1767800778,sda2,0,0,0,0,0,0,0
1767800778,sda3,0.4,0,0.4,0,0,3.2,0
1767800778,dm-0,0.2,0,0.2,0,0,1.6,0
1767800778,dm-1,0.2,0,0.2,0,0,1.6,0
1767800783,sda,0.2,0,0.2,0,0,1.6,0
1767800783,sda1,0,0,0,0,0,0,0
1767800783,sda2,0,0,0,0,0,0,0
1767800783,sda3,0.2,0,0.2,0,0,1.6,0
1767800783,dm-0,0.2,0,0.2,0,0,1.6,0
1767800783,dm-1,0,0,0,0,0,0,0
1767800788,sda,0.8,0,0.8,0,0,8.6,0
1767800788,sda1,0,0,0,0,0,0,0
1767800788,sda2,0,0,0,0,0,0,0
1767800788,sda3,0.8,0,0.8,0,0,8.6,0
1767800788,dm-0,0.6,0,0.6,0,0,7.8,0
1767800788,dm-1,0.2,0,0.2,0,0,0.8,0
1767800793,sda,0,0,0,0,0,0,0
1767800793,sda1,0,0,0,0,0,0,0
1767800793,sda2,0,0,0,0,0,0,0
1767800793,sda3,0,0,0,0,0,0,0
1767800793,dm-0,0,0,0,0,0,0,0
1767800793,dm-1,0,0,0,0,0,0,0
1767800798,sda,0.4,0.4,0,0,9.6,0,0
1767800798,sda1,0,0,0,0,0,0,0
1767800798,sda2,0,0,0,0,0,0,0
1767800798,sda3,0.4,0.4,0,0,9.6,0,0
1767800798,dm-0,1.2,1.2,0,0,9.6,0,0
1767800798,dm-1,0,0,0,0,0,0,0
1767800803,sda,0.6,0.2,0.4,0,6.4,176,0
1767800803,sda1,0,0,0,0,0,0,0
1767800803,sda2,0,0,0,0,0,0,0
1767800803,sda3,0.6,0.2,0.4,0,6.4,176,0
1767800803,dm-0,1.2,0.8,0.4,0,6.4,14.399999999999999,0
1767800803,dm-1,0.4,0,0.4,0,0,161.60000000000002,0
1767800808,sda,0.2,0.2,0,0,6.4,0,0
1767800808,sda1,0,0,0,0,0,0,0
1767800808,sda2,0,0,0,0,0,0,0
1767800808,sda3,0.2,0.2,0,0,6.4,0,0
1767800808,dm-0,0.8,0.8,0,0,6.4,0,0
1767800808,dm-1,0,0,0,0,0,0,0
1767800813,sda,0,0,0,0,0,0,0
1767800813,sda1,0,0,0,0,0,0,0
1767800813,sda2,0,0,0,0,0,0,0
1767800813,sda3,0,0,0,0,0,0,0
1767800813,dm-0,0,0,0,0,0,0,0
1767800813,dm-1,0,0,0,0,0,0,0
1767800818,sda,1.2,0,1.2,0,0,8,0
1767800818,sda1,0,0,0,0,0,0,0
1767800818,sda2,0,0,0,0,0,0,0
1767800818,sda3,1.2,0,1.2,0,0,8,0
1767800818,dm-0,0.8,0,0.8,0,0,4,0
1767800818,dm-1,0.8,0,0.8,0,0,4,0
1767800823,sda,0,0,0,0,0,0,0
1767800823,sda1,0,0,0,0,0,0,0
1767800823,sda2,0,0,0,0,0,0,0
1767800823,sda3,0,0,0,0,0,0,0
1767800823,dm-0,0,0,0,0,0,0,0
1767800823,dm-1,0,0,0,0,0,0,0
1767800828,sda,0,0,0,0,0,0,0
1767800828,sda1,0,0,0,0,0,0,0
1767800828,sda2,0,0,0,0,0,0,0
1767800828,sda3,0,0,0,0,0,0,0
1767800828,dm-0,0,0,0,0,0,0,0
1767800828,dm-1,0,0,0,0,0,0,0
1767800833,sda,0.2,0,0.2,0,0,1.6,0
1767800833,sda1,0,0,0,0,0,0,0
1767800833,sda2,0,0,0,0,0,0,0
1767800833,sda3,0.2,0,0.2,0,0,1.6,0
1767800833,dm-0,0.2,0,0.2,0,0,1.6,0
1767800833,dm-1,0,0,0,0,0,0,0
1767800838,sda,0.6,0,0.6,0,0,262.40000000000003,0
1767800838,sda1,0,0,0,0,0,0,0
1767800838,sda2,0,0,0,0,0,0,0
1767800838,sda3,0.6,0,0.6,0,0,262.40000000000003,0
1767800838,dm-0,0.4,0,0.4,0,0,14.399999999999999,0
1767800838,dm-1,0.6,0,0.6,0,0,248,0
1767800843,sda,0,0,0,0,0,0,0
1767800843,sda1,0,0,0,0,0,0,0
1767800843,sda2,0,0,0,0,0,0,0
1767800843,sda3,0,0,0,0,0,0,0
1767800843,dm-0,0,0,0,0,0,0,0
1767800843,dm-1,0,0,0,0,0,0,0
1767800848,sda,0.4,0,0.4,0,0,1.4000000000000001,0
1767800848,sda1,0,0,0,0,0,0,0
1767800848,sda2,0,0,0,0,0,0,0
1767800848,sda3,0.4,0,0.4,0,0,1.4000000000000001,0
1767800848,dm-0,0.2,0,0.2,0,0,0.6,0
1767800848,dm-1,0.2,0,0.2,0,0,0.8,0
1767800853,sda,0,0,0,0,0,0,0
1767800853,sda1,0,0,0,0,0,0,0
1767800853,sda2,0,0,0,0,0,0,0
1767800853,sda3,0,0,0,0,0,0,0
1767800853,dm-0,0,0,0,0,0,0,0
1767800853,dm-1,0,0,0,0,0,0,0
1767800858,sda,0,0,0,0,0,0,0
1767800858,sda1,0,0,0,0,0,0,0
1767800858,sda2,0,0,0,0,0,0,0
1767800858,sda3,0,0,0,0,0,0,0
1767800858,dm-0,0,0,0,0,0,0,0
1767800858,dm-1,0,0,0,0,0,0,0
1767800863,sda,3.5999999999999996,3.5999999999999996,0,0,185.60000000000002,0,0
1767800863,sda1,0,0,0,0,0,0,0
1767800863,sda2,0,0,0,0,0,0,0
1767800863,sda3,3.5999999999999996,3.5999999999999996,0,0,185.60000000000002,0,0
1767800863,dm-0,23.200000000000003,23.200000000000003,0,0,185.60000000000002,0,0
1767800863,dm-1,0,0,0,0,0,0,0
1767800868,sda,0,0,0,0,0,0,0
1767800868,sda1,0,0,0,0,0,0,0
1767800868,sda2,0,0,0,0,0,0,0
1767800868,sda3,0,0,0,0,0,0,0
1767800868,dm-0,0,0,0,0,0,0,0
1767800868,dm-1,0,0,0,0,0,0,0
1767800873,sda,1,0.6,0.4,0,9.6,17.599999999999998,0
1767800873,sda1,0,0,0,0,0,0,0
1767800873,sda2,0,0,0,0,0,0,0
1767800873,sda3,1,0.6,0.4,0,9.6,17.599999999999998,0
1767800873,dm-0,1.6,1.2,0.4,0,9.6,12.8,0
1767800873,dm-1,0.4,0,0.4,0,0,4.8,0
1767800878,sda,0.8,0.4,0.4,0,9.6,3.2,0
1767800878,sda1,0,0,0,0,0,0,0
1767800878,sda2,0,0,0,0,0,0,0
1767800878,sda3,0.8,0.4,0.4,0,9.6,3.2,0
1767800878,dm-0,1.4000000000000001,1.2,0.2,0,9.6,2.4,0
1767800878,dm-1,0.2,0,0.2,0,0,0.8,0
1767800883,sda,0.6,0.4,0.2,0,19.2,160,0
1767800883,sda1,0,0,0,0,0,0,0
1767800883,sda2,0,0,0,0,0,0,0
1767800883,sda3,0.6,0.4,0.2,0,19.2,160,0
1767800883,dm-0,2.4,2.4,0,0,19.2,0,0
1767800883,dm-1,0.4,0,0.4,0,0,160,0
1767800888,sda,0.4,0.4,0,0,6.4,0,0
1767800888,sda1,0,0,0,0,0,0,0
1767800888,sda2,0,0,0,0,0,0,0
1767800888,sda3,0.4,0.4,0,0,6.4,0,0
1767800888,dm-0,0.8,0.8,0,0,6.4,0,0
1767800888,dm-1,0,0,0,0,0,0,0
1767800893,sda,0.8,0.6,0.2,0,16,1.6,0
1767800893,sda1,0,0,0,0,0,0,0
1767800893,sda2,0,0,0,0,0,0,0
1767800893,sda3,0.8,0.6,0.2,0,16,1.6,0
1767800893,dm-0,2.1999999999999997,2,0.2,0,16,1.6,0
1767800893,dm-1,0,0,0,0,0,0,0
1767800898,sda,0.2,0.2,0,0,6.4,0,0
1767800898,sda1,0,0,0,0,0,0,0
1767800898,sda2,0,0,0,0,0,0,0
1767800898,sda3,0.2,0.2,0,0,6.4,0,0
1767800898,dm-0,0.8,0.8,0,0,6.4,0,0
1767800898,dm-1,0,0,0,0,0,0,0
1767800903,sda,0.6,0,0.6,0,0,4.8,0
1767800903,sda1,0,0,0,0,0,0,0
1767800903,sda2,0,0,0,0,0,0,0
1767800903,sda3,0.6,0,0.6,0,0,4.8,0
1767800903,dm-0,0.4,0,0.4,0,0,3.2,0
1767800903,dm-1,0.2,0,0.2,0,0,1.6,0
1767800908,sda,2.1999999999999997,0,2.1999999999999997,0,0,48,0
1767800908,sda1,0,0,0,0,0,0,0
1767800908,sda2,0,0,0,0,0,0,0
1767800908,sda3,2.1999999999999997,0,2.1999999999999997,0,0,48,0
1767800908,dm-0,2.4,0,2.4,0,0,41,0
1767800908,dm-1,0.4,0,0.4,0,0,7.000000000000001,0
1767800913,sda,0,0,0,0,0,0,0
1767800913,sda1,0,0,0,0,0,0,0
1767800913,sda2,0,0,0,0,0,0,0
1767800913,sda3,0,0,0,0,0,0,0
1767800913,dm-0,0,0,0,0,0,0,0
1767800913,dm-1,0,0,0,0,0,0,0
1767800918,sda,0,0,0,0,0,0,0
1767800918,sda1,0,0,0,0,0,0,0
1767800918,sda2,0,0,0,0,0,0,0
1767800918,sda3,0,0,0,0,0,0,0
1767800918,dm-0,0,0,0,0,0,0,0
1767800918,dm-1,0,0,0,0,0,0,0
1767800923,sda,0.2,0,0.2,0,0,160,0
1767800923,sda1,0,0,0,0,0,0,0
1767800923,sda2,0,0,0,0,0,0,0
1767800923,sda3,0.2,0,0.2,0,0,160,0
1767800923,dm-0,0,0,0,0,0,0,0
1767800923,dm-1,0.4,0,0.4,0,0,160,0
1767800928,sda,0,0,0,0,0,0,0
1767800928,sda1,0,0,0,0,0,0,0
1767800928,sda2,0,0,0,0,0,0,0
1767800928,sda3,0,0,0,0,0,0,0
1767800928,dm-0,0,0,0,0,0,0,0
1767800928,dm-1,0,0,0,0,0,0,0
1767800933,sda,0,0,0,0,0,0,0
1767800933,sda1,0,0,0,0,0,0,0
1767800933,sda2,0,0,0,0,0,0,0
1767800933,sda3,0,0,0,0,0,0,0
1767800933,dm-0,0,0,0,0,0,0,0
1767800933,dm-1,0,0,0,0,0,0,0
1767800938,sda,0.6,0,0.6,0,0,7.6,0
1767800938,sda1,0,0,0,0,0,0,0
1767800938,sda2,0,0,0,0,0,0,0
1767800938,sda3,0.6,0,0.6,0,0,7.6,0
1767800938,dm-0,0.4,0,0.4,0,0,7.000000000000001,0
1767800938,dm-1,0.2,0,0.2,0,0,0.6,0
1767800943,sda,0.2,0,0.2,0,0,14.399999999999999,0
1767800943,sda1,0,0,0,0,0,0,0
1767800943,sda2,0,0,0,0,0,0,0
1767800943,sda3,0.2,0,0.2,0,0,14.399999999999999,0
1767800943,dm-0,0.4,0,0.4,0,0,14.399999999999999,0
1767800943,dm-1,0,0,0,0,0,0,0
1767800948,sda,0,0,0,0,0,0,0
1767800948,sda1,0,0,0,0,0,0,0
1767800948,sda2,0,0,0,0,0,0,0
1767800948,sda3,0,0,0,0,0,0,0
1767800948,dm-0,0,0,0,0,0,0,0
1767800948,dm-1,0,0,0,0,0,0,0
1767800953,sda,0,0,0,0,0,0,0
1767800953,sda1,0,0,0,0,0,0,0
1767800953,sda2,0,0,0,0,0,0,0
1767800953,sda3,0,0,0,0,0,0,0
1767800953,dm-0,0,0,0,0,0,0,0
1767800953,dm-1,0,0,0,0,0,0,0
1767800958,sda,0.6,0,0.6,0,0,249.6,0
1767800958,sda1,0,0,0,0,0,0,0
1767800958,sda2,0,0,0,0,0,0,0
1767800958,sda3,0.6,0,0.6,0,0,249.6,0
1767800958,dm-0,0.2,0,0.2,0,0,1.6,0
1767800958,dm-1,0.6,0,0.6,0,0,248,0
1767800963,sda,0,0,0,0,0,0,0
1767800963,sda1,0,0,0,0,0,0,0
1767800963,sda2,0,0,0,0,0,0,0
1767800963,sda3,0,0,0,0,0,0,0
1767800963,dm-0,0,0,0,0,0,0,0
1767800963,dm-1,0,0,0,0,0,0,0
1767800968,sda,0.4,0,0.4,0,0,1.2,0
1767800968,sda1,0,0,0,0,0,0,0
1767800968,sda2,0,0,0,0,0,0,0
1767800968,sda3,0.4,0,0.4,0,0,1.2,0
1767800968,dm-0,0.2,0,0.2,0,0,0.6,0
1767800968,dm-1,0.2,0,0.2,0,0,0.6,0
1767800973,sda,0,0,0,0,0,0,0
1767800973,sda1,0,0,0,0,0,0,0
1767800973,sda2,0,0,0,0,0,0,0
1767800973,sda3,0,0,0,0,0,0,0
1767800973,dm-0,0,0,0,0,0,0,0
1767800973,dm-1,0,0,0,0,0,0,0
1767800978,sda,0.2,0,0.2,0,0,14.399999999999999,0
1767800978,sda1,0,0,0,0,0,0,0
1767800978,sda2,0,0,0,0,0,0,0
1767800978,sda3,0.2,0,0.2,0,0,14.399999999999999,0
1767800978,dm-0,0.4,0,0.4,0,0,14.399999999999999,0
1767800978,dm-1,0,0,0,0,0,0,0
1767800983,sda,0,0,0,0,0,0,0
1767800983,sda1,0,0,0,0,0,0,0
1767800983,sda2,0,0,0,0,0,0,0
1767800983,sda3,0,0,0,0,0,0,0
1767800983,dm-0,0,0,0,0,0,0,0
1767800983,dm-1,0,0,0,0,0,0,0
1767800988,sda,0,0,0,0,0,0,0
1767800988,sda1,0,0,0,0,0,0,0
1767800988,sda2,0,0,0,0,0,0,0
1767800988,sda3,0,0,0,0,0,0,0
1767800988,dm-0,0,0,0,0,0,0,0
1767800988,dm-1,0,0,0,0,0,0,0
1767800993,sda,0,0,0,0,0,0,0
1767800993,sda1,0,0,0,0,0,0,0
1767800993,sda2,0,0,0,0,0,0,0
1767800993,sda3,0,0,0,0,0,0,0
1767800993,dm-0,0,0,0,0,0,0,0
1767800993,dm-1,0,0,0,0,0,0,0
1767800998,sda,0.6,0,0.6,0,0,160,0
1767800998,sda1,0,0,0,0,0,0,0
1767800998,sda2,0,0,0,0,0,0,0
1767800998,sda3,0.6,0,0.6,0,0,160,0
1767800998,dm-0,0.2,0,0.2,0,0,0.6,0
1767800998,dm-1,0.6,0,0.6,0,0,159.4,0
1767801003,sda,0,0,0,0,0,0,0
1767801003,sda1,0,0,0,0,0,0,0
1767801003,sda2,0,0,0,0,0,0,0
1767801003,sda3,0,0,0,0,0,0,0
1767801003,dm-0,0,0,0,0,0,0,0
1767801003,dm-1,0,0,0,0,0,0,0
1767801008,sda,0,0,0,0,0,0,0
1767801008,sda1,0,0,0,0,0,0,0
1767801008,sda2,0,0,0,0,0,0,0
1767801008,sda3,0,0,0,0,0,0,0
1767801008,dm-0,0,0,0,0,0,0,0
1767801008,dm-1,0,0,0,0,0,0,0
1767801013,sda,0.4,0.2,0.2,0,11.200000000000001,14.399999999999999,0
1767801013,sda1,0,0,0,0,0,0,0
1767801013,sda2,0,0,0,0,0,0,0
1767801013,sda3,0.4,0.2,0.2,0,11.200000000000001,14.399999999999999,0
1767801013,dm-0,1.7999999999999998,1.4000000000000001,0.4,0,11.200000000000001,14.399999999999999,0
1767801013,dm-1,0,0,0,0,0,0,0
1767801018,sda,0.4,0,0.4,0,0,3.2,0
1767801018,sda1,0,0,0,0,0,0,0
1767801018,sda2,0,0,0,0,0,0,0
1767801018,sda3,0.4,0,0.4,0,0,3.2,0
1767801018,dm-0,0.4,0,0.4,0,0,3.2,0
1767801018,dm-1,0,0,0,0,0,0,0
1767801023,sda,0.8,0,0.8,0,0,9.6,0
1767801023,sda1,0,0,0,0,0,0,0
1767801023,sda2,0,0,0,0,0,0,0
1767801023,sda3,0.8,0,0.8,0,0,9.6,0
1767801023,dm-0,0.2,0,0.2,0,0,1.6,0
1767801023,dm-1,0.6,0,0.6,0,0,8,0
1767801028,sda,3.8,3,0.8,0,67.2,9.2,0
1767801028,sda1,0,0,0,0,0,0,0
1767801028,sda2,0,0,0,0,0,0,0
1767801028,sda3,3.8,3,0.8,0,67.2,9.2,0
1767801028,dm-0,8.4,8,0.4,0,67.2,7.8,0
1767801028,dm-1,0.4,0,0.4,0,0,1.4000000000000001,0
1767801033,sda,0,0,0,0,0,0,0
1767801033,sda1,0,0,0,0,0,0,0
1767801033,sda2,0,0,0,0,0,0,0
1767801033,sda3,0,0,0,0,0,0,0
1767801033,dm-0,0,0,0,0,0,0,0
1767801033,dm-1,0,0,0,0,0,0,0
1767801038,sda,0.6,0,0.6,0,0,4.8,0
1767801038,sda1,0,0,0,0,0,0,0
1767801038,sda2,0,0,0,0,0,0,0
1767801038,sda3,0.6,0,0.6,0,0,4.8,0
1767801038,dm-0,0.6,0,0.6,0,0,4.8,0
1767801038,dm-1,0,0,0,0,0,0,0
1767801043,sda,0.2,0,0.2,0,0,160,0
1767801043,sda1,0,0,0,0,0,0,0
1767801043,sda2,0,0,0,0,0,0,0
1767801043,sda3,0.2,0,0.2,0,0,160,0
1767801043,dm-0,0,0,0,0,0,0,0
1767801043,dm-1,0.4,0,0.4,0,0,160,0
1767801048,sda,0.4,0,0.4,0,0,12.8,0
1767801048,sda1,0,0,0,0,0,0,0
1767801048,sda2,0,0,0,0,0,0,0
1767801048,sda3,0.4,0,0.4,0,0,12.8,0
1767801048,dm-0,0.6,0,0.6,0,0,12.8,0
1767801048,dm-1,0,0,0,0,0,0,0
1767801053,sda,0,0,0,0,0,0,0
1767801053,sda1,0,0,0,0,0,0,0
1767801053,sda2,0,0,0,0,0,0,0
1767801053,sda3,0,0,0,0,0,0,0
1767801053,dm-0,0,0,0,0,0,0,0
1767801053,dm-1,0,0,0,0,0,0,0
1767801058,sda,1,0,1,0,0,11.799999999999999,0
1767801058,sda1,0,0,0,0,0,0,0
1767801058,sda2,0,0,0,0,0,0,0
1767801058,sda3,1,0,1,0,0,11.799999999999999,0
1767801058,dm-0,0.2,0,0.2,0,0,1.4000000000000001,0
1767801058,dm-1,1,0,1,0,0,10.4,0
1767801063,sda,0,0,0,0,0,0,0
1767801063,sda1,0,0,0,0,0,0,0
1767801063,sda2,0,0,0,0,0,0,0
1767801063,sda3,0,0,0,0,0,0,0
1767801063,dm-0,0,0,0,0,0,0,0
1767801063,dm-1,0,0,0,0,0,0,0
1767801068,sda,0,0,0,0,0,0,0
1767801068,sda1,0,0,0,0,0,0,0
1767801068,sda2,0,0,0,0,0,0,0
1767801068,sda3,0,0,0,0,0,0,0
1767801068,dm-0,0,0,0,0,0,0,0
1767801068,dm-1,0,0,0,0,0,0,0
1767801073,sda,0.8,0.6,0.2,0,12.8,1.6,0
1767801073,sda1,0,0,0,0,0,0,0
1767801073,sda2,0,0,0,0,0,0,0
1767801073,sda3,0.8,0.6,0.2,0,12.8,1.6,0
1767801073,dm-0,1.7999999999999998,1.6,0.2,0,12.8,1.6,0
1767801073,dm-1,0,0,0,0,0,0,0
1767801078,sda,0.4,0,0.4,0,0,246.4,0
1767801078,sda1,0,0,0,0,0,0,0
1767801078,sda2,0,0,0,0,0,0,0
1767801078,sda3,0.4,0,0.4,0,0,246.4,0
1767801078,dm-0,0,0,0,0,0,0,0
1767801078,dm-1,0.6,0,0.6,0,0,246.4,0
1767801083,sda,0.2,0,0.2,0,0,14.399999999999999,0
1767801083,sda1,0,0,0,0,0,0,0
1767801083,sda2,0,0,0,0,0,0,0
1767801083,sda3,0.2,0,0.2,0,0,14.399999999999999,0
1767801083,dm-0,0.4,0,0.4,0,0,14.399999999999999,0
1767801083,dm-1,0,0,0,0,0,0,0
1767801088,sda,1.4000000000000001,0,1.4000000000000001,0,0,23.799999999999997,0
1767801088,sda1,0,0,0,0,0,0,0
1767801088,sda2,0,0,0,0,0,0,0
1767801088,sda3,1.4000000000000001,0,1.4000000000000001,0,0,23.799999999999997,0
1767801088,dm-0,1.4000000000000001,0,1.4000000000000001,0,0,23.200000000000003,0
1767801088,dm-1,0.2,0,0.2,0,0,0.6,0
1767801093,sda,0,0,0,0,0,0,0
1767801093,sda1,0,0,0,0,0,0,0
1767801093,sda2,0,0,0,0,0,0,0
1767801093,sda3,0,0,0,0,0,0,0
1767801093,dm-0,0,0,0,0,0,0,0
1767801093,dm-1,0,0,0,0,0,0,0
1767801098,sda,0,0,0,0,0,0,0
1767801098,sda1,0,0,0,0,0,0,0
1767801098,sda2,0,0,0,0,0,0,0
1767801098,sda3,0,0,0,0,0,0,0
1767801098,dm-0,0,0,0,0,0,0,0
1767801098,dm-1,0,0,0,0,0,0,0
1767801103,sda,0,0,0,0,0,0,0
1767801103,sda1,0,0,0,0,0,0,0
1767801103,sda2,0,0,0,0,0,0,0
1767801103,sda3,0,0,0,0,0,0,0
1767801103,dm-0,0,0,0,0,0,0,0
1767801103,dm-1,0,0,0,0,0,0,0
1767801108,sda,0.6,0.6,0,0,22.400000000000002,0,0
1767801108,sda1,0,0,0,0,0,0,0
1767801108,sda2,0,0,0,0,0,0,0
1767801108,sda3,0.6,0.6,0,0,22.400000000000002,0,0
1767801108,dm-0,2.8000000000000003,2.8000000000000003,0,0,22.400000000000002,0,0
1767801108,dm-1,0,0,0,0,0,0,0
1767801113,sda,0.2,0.2,0,0,3.2,0,0
1767801113,sda1,0,0,0,0,0,0,0
1767801113,sda2,0,0,0,0,0,0,0
1767801113,sda3,0.2,0.2,0,0,3.2,0,0
1767801113,dm-0,0.4,0.4,0,0,3.2,0,0
1767801113,dm-1,0,0,0,0,0,0,0
1767801118,sda,0.8,0,0.8,0,0,179.4,0
1767801118,sda1,0,0,0,0,0,0,0
1767801118,sda2,0,0,0,0,0,0,0
1767801118,sda3,0.8,0,0.8,0,0,179.4,0
1767801118,dm-0,0.6,0,0.6,0,0,17,0
1767801118,dm-1,0.6,0,0.6,0,0,162.4,0
1767801123,sda,0,0,0,0,0,0,0
1767801123,sda1,0,0,0,0,0,0,0
1767801123,sda2,0,0,0,0,0,0,0
1767801123,sda3,0,0,0,0,0,0,0
1767801123,dm-0,0,0,0,0,0,0,0
1767801123,dm-1,0,0,0,0,0,0,0
1767801128,sda,0,0,0,0,0,0,0
1767801128,sda1,0,0,0,0,0,0,0
1767801128,sda2,0,0,0,0,0,0,0
1767801128,sda3,0,0,0,0,0,0,0
1767801128,dm-0,0,0,0,0,0,0,0
1767801128,dm-1,0,0,0,0,0,0,0
1767801133,sda,0,0,0,0,0,0,0
1767801133,sda1,0,0,0,0,0,0,0
1767801133,sda2,0,0,0,0,0,0,0
1767801133,sda3,0,0,0,0,0,0,0
1767801133,dm-0,0,0,0,0,0,0,0
1767801133,dm-1,0,0,0,0,0,0,0
1767801138,sda,0.2,0,0.2,0,0,1.6,0
1767801138,sda1,0,0,0,0,0,0,0
1767801138,sda2,0,0,0,0,0,0,0
1767801138,sda3,0.2,0,0.2,0,0,1.6,0
1767801138,dm-0,0.2,0,0.2,0,0,1.6,0
1767801138,dm-1,0,0,0,0,0,0,0
1767801143,sda,1.7999999999999998,0,1.7999999999999998,0,0,27.200000000000003,0
1767801143,sda1,0,0,0,0,0,0,0
1767801143,sda2,0,0,0,0,0,0,0
1767801143,sda3,1.7999999999999998,0,1.7999999999999998,0,0,27.200000000000003,0
1767801143,dm-0,2,0,2,0,0,17.599999999999998,0
1767801143,dm-1,0.6,0,0.6,0,0,9.6,0
1767801148,sda,1,0,1,0,0,19.2,0
1767801148,sda1,0,0,0,0,0,0,0
1767801148,sda2,0,0,0,0,0,0,0
1767801148,sda3,1,0,1,0,0,19.2,0
1767801148,dm-0,0.8,0,0.8,0,0,18.4,0
1767801148,dm-1,0.2,0,0.2,0,0,0.8,0
1767801153,sda,0.6,0,0.6,0,0,17.599999999999998,0
1767801153,sda1,0,0,0,0,0,0,0
1767801153,sda2,0,0,0,0,0,0,0
1767801153,sda3,0.6,0,0.6,0,0,17.599999999999998,0
1767801153,dm-0,0.8,0,0.8,0,0,17.599999999999998,0
1767801153,dm-1,0,0,0,0,0,0,0
1767801158,sda,0,0,0,0,0,0,0
1767801158,sda1,0,0,0,0,0,0,0
1767801158,sda2,0,0,0,0,0,0,0
1767801158,sda3,0,0,0,0,0,0,0
1767801158,dm-0,0,0,0,0,0,0,0
1767801158,dm-1,0,0,0,0,0,0,0
1767801163,sda,0.4,0,0.4,0,0,164.79999999999998,0
1767801163,sda1,0,0,0,0,0,0,0
1767801163,sda2,0,0,0,0,0,0,0
1767801163,sda3,0.4,0,0.4,0,0,164.79999999999998,0
1767801163,dm-0,0.4,0,0.4,0,0,4.8,0
1767801163,dm-1,0.4,0,0.4,0,0,160,0
1767801168,sda,0.4,0,0.4,0,0,4.8,0
1767801168,sda1,0,0,0,0,0,0,0
1767801168,sda2,0,0,0,0,0,0,0
1767801168,sda3,0.4,0,0.4,0,0,4.8,0
1767801168,dm-0,0.6,0,0.6,0,0,4.8,0
1767801168,dm-1,0,0,0,0,0,0,0
1767801173,sda,0.4,0,0.4,0,0,107.2,0
1767801173,sda1,0,0,0,0,0,0,0
1767801173,sda2,0,0,0,0,0,0,0
1767801173,sda3,0.4,0,0.4,0,0,107.2,0
1767801173,dm-0,0,0,0,0,0,0,0
1767801173,dm-1,0.6,0,0.6,0,0,107.2,0
1767801178,sda,3.8,0,3.8,0,0,74.8,0
1767801178,sda1,0,0,0,0,0,0,0
1767801178,sda2,0,0,0,0,0,0,0
1767801178,sda3,3.8,0,3.8,0,0,74.8,0
1767801178,dm-0,4,0,4,0,0,67.80000000000001,0
1767801178,dm-1,0.4,0,0.4,0,0,7.000000000000001,0
