#timestamp,kbmemfree,kbavail,kbmemused,%memused,kbbuffers,kbcached,kbcommit,%commit,kbactive,kbinact,kbdirty
1767800533,1272072,3050732,330908,8.925040106418214,28,1970924,3098092,32.57151748485543,353772,1811652,104
1767800538,1272072,3051000,330640,8.91781178087601,28,1971192,3098092,32.57151748485543,354016,1811728,376
1767800543,1271596,3050528,331112,8.930542264666757,28,1971196,3098092,32.57151748485543,354120,1811672,376
1767800548,1271596,3050576,331064,8.929247639196513,28,1971244,3098092,32.57151748485543,354176,1811688,424
1767800553,1267500,3046484,335160,9.039722345990816,28,1971248,3098100,32.571601592151104,352464,1814104,400
1767800558,1267248,3046284,335360,9.045116618783505,28,1971300,3098100,32.571601592151104,352520,1814128,412
1767800563,1263152,3042192,339452,9.155483440121953,28,1971304,3098100,32.571601592151104,352536,1812612,20
1767800568,1263152,3042460,339184,9.148255114579747,28,1971572,3098100,32.571601592151104,352556,1812932,296
1767800573,1263152,3042464,339180,9.148147229123895,28,1971576,3098100,32.571601592151104,352572,1812952,292
1767800578,1262148,3041504,340140,9.17403973852881,28,1971624,3098100,32.571601592151104,352592,1813044,340
1767800583,1262148,3041512,340136,9.173931853072956,28,1971628,3098100,32.571601592151104,352580,1813088,344
1767800588,1262148,3041564,340084,9.172529342146856,28,1971680,3098100,32.571601592151104,352608,1813152,396
1767800593,1262148,3041568,340080,9.172421456691001,28,1971684,3098100,32.571601592151104,352596,1813168,364
1767800598,1261392,3041076,340572,9.18569136776102,28,1971948,3098100,32.571601592151104,352628,1813456,628
1767800603,1261168,3040856,340792,9.19162506783298,28,1971952,3098356,32.574293025612775,352664,1813472,12
1767800608,1259656,3039392,342252,9.231003259219621,28,1972004,3098356,32.574293025612775,352664,1813536,68
1767800613,1259404,3039152,342496,9.237584272026703,28,1972012,3102452,32.61735596099945,352712,1815644,76
1767800618,1259404,3039196,342448,9.23628964655646,28,1972060,3102452,32.61735596099945,352732,1815696,124
1767800623,1259404,3039204,342444,9.236181761100603,28,1972064,3102452,32.61735596099945,352744,1815756,132
1767800628,1259180,3039248,342396,9.234887135630359,28,1972336,3102452,32.61735596099945,352772,1816032,380
1767800633,1259180,3039260,342388,9.23467136471865,28,1972344,3102452,32.61735596099945,352784,1816080,396
1767800638,1259180,3039308,342332,9.233160968336698,28,1972396,3102452,32.61735596099945,352772,1816144,44
1767800643,1259180,3039316,342332,9.233160968336698,28,1972400,3102452,32.61735596099945,352800,1816172,52
1767800648,1259180,3039364,342284,9.231866342866452,28,1972448,3102772,32.62072025282653,352816,1816676,104
1767800653,1259180,3039368,342284,9.231866342866452,28,1972452,3102772,32.62072025282653,352820,1816716,104
1767800658,1259180,3039636,342016,9.224638017324246,28,1972720,3102772,32.62072025282653,352820,1817004,372
1767800663,1254936,3035448,345768,9.32583457491512,28,1972804,3128144,32.88746654106644,352868,1822280,332
1767800668,1253424,3033988,347228,9.365212766301761,28,1972856,3128144,32.88746654106644,352876,1822360,388
1767800673,1253424,3033984,347456,9.37136223728543,28,1972868,3102772,32.62072025282653,352872,1818884,392
1767800678,1253424,3034032,347440,9.370930695462015,28,1972916,3102772,32.62072025282653,352880,1819228,436
1767800683,1253424,3034036,347436,9.37082281000616,28,1972920,3102836,32.62139311119195,352880,1819424,44
1767800688,1253424,3034308,347164,9.363486599008102,28,1973192,3102836,32.62139311119195,352896,1819720,328
1767800693,1253424,3034308,347160,9.363378713552247,28,1973196,3102836,32.62139311119195,352900,1819736,36
1767800698,1249328,3030260,351220,9.472882451243866,28,1973244,3102836,32.62139311119195,352908,1819504,56
1767800703,1249328,3030268,351212,9.472666680332157,28,1973252,3102836,32.62139311119195,352916,1819528,64
1767800708,1249328,3030316,351164,9.471372054861913,28,1973300,3102836,32.62139311119195,352916,1819580,20
1767800713,1249328,3030320,351160,9.471264169406059,28,1973304,3102836,32.62139311119195,352912,1819608,20
1767800718,1249328,3030588,350892,9.464035843863853,28,1973572,3103092,32.62408454465361,352916,1819904,296
1767800723,1249328,3030592,350888,9.463927958407998,28,1973576,3103092,32.62408454465361,352916,1819912,28
1767800728,1249328,3030596,350840,9.462633332937752,28,1973624,3103092,32.62408454465361,352936,1819916,80
1767800733,1249328,3030644,350836,9.4625254474819,28,1973628,3103092,32.62408454465361,352936,1819972,48
1767800738,1249328,3030696,350788,9.461230822011654,28,1973680,3103092,32.62408454465361,352936,1820044,104
1767800743,1249328,3030700,350784,9.461122936555801,28,1973684,3103092,32.62408454465361,352936,1820184,112
1767800748,1249328,3030972,350512,9.453786725557741,28,1973956,3103092,32.62408454465361,352936,1820480,392
1767800753,1249328,3030972,350508,9.453678840101887,28,1973960,3103092,32.62408454465361,352936,1820488,396
1767800758,1249328,3031024,350460,9.45238421463164,28,1974008,3103092,32.62408454465361,352928,1820552,40
1767800763,1249328,3031024,350456,9.452276329175788,28,1974012,3103092,32.62408454465361,352924,1820568,44
1767800768,1249328,3031080,350404,9.450873818249688,28,1974064,3103412,32.627448836480696,352924,1820892,64
1767800773,1249328,3031080,350400,9.450765932793834,28,1974068,3103412,32.627448836480696,352924,1820900,72
1767800778,1249328,3031348,350136,9.443645492707482,28,1974332,3103412,32.627448836480696,352924,1821180,328
1767800783,1249328,3031352,350132,9.443537607251628,28,1974336,3103412,32.627448836480696,352924,1821192,328
1767800788,1249328,3031404,350084,9.442242981781384,28,1974388,3103412,32.627448836480696,352956,1821220,380
1767800793,1249328,3031404,350080,9.44213509632553,28,1974392,3103412,32.627448836480696,352956,1821224,384
1767800798,1249328,3031460,350028,9.440732585399429,28,1974444,3103412,32.627448836480696,352964,1821304,436
1767800803,1249328,3031464,350024,9.440624699943575,28,1974448,3103412,32.627448836480696,352968,1821852,4
1767800808,1249328,3031728,349760,9.433504259857225,28,1974712,3103476,32.628121694846115,352984,1822472,280
1767800813,1248576,3030980,350500,9.45346306919018,28,1974716,3103476,32.628121694846115,352984,1822472,284
1767800818,1248576,3031028,350464,9.452492100087495,28,1974768,3103476,32.628121694846115,352984,1822592,336
1767800823,1247820,3030272,351232,9.473206107611427,28,1974772,3103476,32.628121694846115,352984,1822620,340
1767800828,1247820,3030324,351184,9.47191148214118,28,1974820,3103476,32.628121694846115,352984,1822696,388
1767800833,1247064,3029576,351932,9.492086062385843,28,1974828,3103476,32.628121694846115,352984,1822736,392
1767800838,1245552,3028336,353172,9.525530553700525,28,1975100,3103476,32.628121694846115,352984,1823024,44
1767800843,1244040,3026824,354680,9.566203370557412,28,1975104,3103476,32.628121694846115,352984,1823052,20
1767800848,1244040,3026872,354636,9.56501663054302,28,1975152,3103476,32.628121694846115,352984,1823128,72
1767800853,1244040,3026872,354632,9.564908745087166,28,1975156,3103476,32.628121694846115,352984,1823144,76
1767800858,1244040,3026928,354580,9.563506234161066,28,1975208,3103476,32.628121694846115,352984,1823232,128
1767800863,1244040,3026932,354576,9.563398348705213,28,1975212,3103476,32.628121694846115,353448,1822624,136
1767800868,1242780,3025936,355576,9.590369712668666,28,1975476,3103476,32.628121694846115,353448,1822908,408
1767800873,1242276,3025436,356068,9.603639623738685,28,1975480,3103476,32.628121694846115,353460,1822932,372
1767800878,1242276,3025488,356016,9.602237112812585,28,1975532,3103476,32.628121694846115,353468,1823004,428
1767800883,1242024,3025240,356264,9.608926011075521,28,1975536,3103476,32.628121694846115,353500,1821484,32
1767800888,1242024,3025292,356212,9.607523500149421,28,1975588,3103476,32.628121694846115,353500,1821632,88
1767800893,1241520,3024792,356712,9.621009182131148,28,1975592,3103476,32.628121694846115,353524,1821656,88
1767800898,1241520,3025052,356452,9.613996627500649,28,1975852,3103476,32.628121694846115,353524,1821932,348
1767800903,1240260,3023796,357708,9.647872660638747,28,1975856,3103476,32.628121694846115,353520,1821960,340
1767800908,1240260,3023844,357656,9.646470149712647,28,1975908,3103476,32.628121694846115,353520,1822024,356
1767800913,1240260,3023852,357652,9.646362264256792,28,1975912,3103476,32.628121694846115,353520,1822052,364
1767800918,1242184,3025824,355680,9.593174734520865,28,1975960,3103476,32.628121694846115,353520,1822120,412
1767800923,1244440,3028088,353416,9.532111566507607,28,1975968,3103476,32.628121694846115,353056,1821912,24
1767800928,1244440,3028348,353152,9.524991126421256,28,1976232,3103476,32.628121694846115,353052,1822180,296
1767800933,1244440,3028356,353148,9.524883240965403,28,1976236,3103476,32.628121694846115,353052,1822192,300
1767800938,1244440,3028408,353096,9.523480730039303,28,1976288,3103476,32.628121694846115,353052,1822556,352
1767800943,1240092,3024064,357440,9.640644335096543,28,1976292,3103476,32.628121694846115,348956,1826672,320
1767800948,1240092,3024112,357392,9.639349709626295,28,1976340,3103476,32.628121694846115,348956,1826744,372
1767800953,1238580,3022600,358900,9.680022526483183,28,1976344,3103476,32.628121694846115,348956,1826764,376
1767800958,1238328,3022612,358888,9.67969887011562,28,1976608,3103540,32.628794553211534,348956,1827112,16
1767800963,1238076,3022364,359136,9.686387768378557,28,1976612,3103540,32.628794553211534,348956,1827140,20
1767800968,1238076,3022416,359084,9.684985257452459,28,1976664,3103540,32.628794553211534,348956,1827208,76
1767800973,1238860,3023204,358296,9.663731822649257,28,1976668,3103540,32.628794553211534,348956,1827228,80
1767800978,1240372,3024768,356732,9.621548609410418,28,1976720,3103540,32.628794553211534,348956,1827304,96
1767800983,1238132,3022536,358964,9.681748693776843,28,1976728,3103540,32.628794553211534,348956,1827532,112
1767800988,1237892,3022564,358936,9.680993495585867,28,1976996,3103540,32.628794553211534,348956,1827820,392
1767800993,1236912,3021588,359912,9.707317546814197,28,1977000,3103540,32.628794553211534,348924,1827796,396
1767800998,1237668,3022392,359108,9.68563257018758,28,1977048,3103540,32.628794553211534,348924,1827864,48
1767801003,1237672,3022404,359088,9.685093142908311,28,1977052,3103540,32.628794553211534,348924,1828348,64
1767801008,1235688,3020476,361016,9.737093932629847,28,1977108,3103540,32.628794553211534,348924,1828572,124
1767801013,1235940,3020732,360760,9.730189263455204,28,1977112,3103540,32.628794553211534,348948,1828684,92
1767801018,1235940,3020992,360496,9.723068823368852,28,1977376,3103540,32.628794553211534,348948,1828980,352
1767801023,1235948,3021008,360508,9.723392479736415,28,1977380,3103540,32.628794553211534,348948,1828472,332
1767801028,1235448,3020568,360944,9.735151994424479,28,1977444,3103544,32.628836606859366,348944,1828820,384
1767801033,1235704,3020832,360684,9.728139439793981,28,1977448,3103544,32.628836606859366,348944,1828868,388
1767801038,1237244,3022420,359092,9.685201028364165,28,1977496,3103544,32.628836606859366,348944,1828960,424
1767801043,1237028,3022208,359304,9.690918957524417,28,1977500,3103544,32.628836606859366,348940,1829248,32
1767801048,1235524,3020960,360544,9.7243634488391,28,1977760,3103544,32.628836606859366,348940,1829548,268
1767801053,1235528,3020976,360532,9.724039792471537,28,1977768,3103544,32.628836606859366,348940,1829608,280
1767801058,1235312,3020812,360696,9.728463096161544,28,1977820,3103544,32.628836606859366,348940,1829700,332
1767801063,1234812,3020316,361192,9.741840892687415,28,1977824,3103544,32.628836606859366,348940,1829756,336
1767801068,1235092,3020640,360864,9.732994285307402,28,1977872,3103544,32.628836606859366,348940,1829832,384
1767801073,1233832,3019388,362120,9.7668703184455,28,1977876,3103544,32.628836606859366,348956,1829896,384
1767801078,1235344,3021164,360344,9.718969176046407,28,1978140,3103544,32.628836606859366,348948,1830176,32
1767801083,1235348,3021168,360336,9.7187534051347,28,1978144,3103544,32.628836606859366,348948,1830184,0
1767801088,1233876,3019748,361760,9.757160627418656,28,1978192,3103544,32.628836606859366,348948,1830240,56
1767801093,1233120,3018992,362512,9.777443093119173,28,1978196,3103544,32.628836606859366,348944,1830248,60
1767801098,1233120,3019052,362456,9.77593269673722,28,1978252,3103544,32.628836606859366,348944,1830352,116
1767801103,1232924,3018860,362648,9.781111198618204,28,1978256,3103544,32.628836606859366,348936,1830168,124
1767801108,1227956,3014200,367056,9.900000970969103,28,1978576,3128916,32.89558289509928,348968,1834620,448
1767801113,1227704,3013964,367292,9.906366212864476,28,1978584,3128916,32.89558289509928,348976,1834636,460
1767801118,1233000,3019308,362060,9.765252036607693,28,1978648,3103544,32.628836606859366,348968,1831080,140
1767801123,1235004,3021316,360072,9.711632965048349,28,1978652,3099308,32.584301793798346,349080,1829716,84
1767801128,1235004,3021320,360028,9.710446225033957,28,1978700,3099308,32.584301793798346,349080,1829728,136
1767801133,1235004,3021364,360048,9.710985652313225,28,1978704,3099308,32.584301793798346,349080,1829832,140
1767801138,1235004,3021584,359760,9.703217899491753,28,1978976,3099308,32.584301793798346,349080,1830060,408
1767801143,1235004,3021640,359768,9.70343367040346,28,1978984,3099308,32.584301793798346,349080,1830128,348
1767801148,1235004,3021644,359716,9.702031159477361,28,1979036,3099308,32.584301793798346,349080,1830136,396
1767801153,1235004,3021692,359712,9.701923274021505,28,1979040,3099308,32.584301793798346,349080,1830184,356
1767801158,1235004,3021700,359664,9.70062864855126,28,1979088,3099308,32.584301793798346,349080,1830196,408
1767801163,1235004,3021748,359660,9.700520763095406,28,1979092,3099308,32.584301793798346,349080,1830132,4
1767801168,1235004,3021992,359372,9.69275301027393,28,1979356,3099308,32.584301793798346,349080,1830376,268
1767801173,1235004,3022016,359368,9.692645124818078,28,1979360,3099308,32.584301793798346,349080,1830404,8
1767801178,1235004,3022020,359320,9.691350499347832,28,1979408,3099308,32.584301793798346,349080,1830412,48
